1 94104,4 394
2 47091,4 586
3 31384,2 783
4 23522,4 975
5 18844,8 1172
6 15692,4 1355
7 13440 1525
8 11865,2 1674
9 10460,6 1915
10 9433 1775
11 8591,8 2172
12 7957,2 2526
13 7260,2 2712
14 6852 2334
15 6339,4 2654
16 5895 3000
17 5637,6 2919
18 5309,8 3668
19 4971,4 3307
20 4840,4 3778
21 4600 3115
22 4280,4 3890
23 4210 4351
24 4060,4 4545
25 3851 4188
26 3759 5230
27 3485,8 4267
28 3361,4 4737
29 3293,6 5521
30 3156,8 5979
31 3163,8 4748
32 2983,8 5527
33 2872,2 4866
34 2897,8 6468
35 2700,2 6083
36 2747,2 5441
37 2640 6476
38 2489,4 5824
39 2488,6 5460
40 2363,4 6199
41 2333,4 6387
42 2364,8 7432
43 2292,2 7069
44 2255,2 8124
45 2187 7703
46 2075,2 7631
47 2052,6 8130
48 1975,4 8299
49 2024,4 8789
50 1967,6 7565
51 1943,2 8340
52 1898 7956
53 1909,2 10139
54 1875,8 9228
55 1837 9381
56 1807,4 9572
57 1783,4 9761
58 1688,4 9372
59 1697,6 11001
60 1614,4 8661
61 1670,8 9959
62 1639,6 9595
63 1644,8 10664
64 1578,8 11083
65 1577,4 11579
66 1536,6 10651
67 1474,2 11972
68 1401,6 11045
69 1510,2 10390
70 1418,6 10542
71 1368,4 10790
72 1401,4 11210
73 1395,8 11423
74 1350,6 9910
75 1304,2 12663
76 1353,8 10265
77 1360,2 13947
78 1287,6 11813
79 1262,4 11724
80 1282,2 12193
81 1313 13848
82 1272,6 12339
83 1160,4 13618
84 1262,6 13543
85 1119,8 13732
86 1247,4 13690
87 1149,8 15265
88 1146,8 14924
89 1124,6 14229
90 1078 14157
91 1072,8 14000
92 1051,4 14249
93 1077,2 14718
94 1076,2 15775
95 1090,4 16250
96 1061,8 15572
97 1061,8 14931
98 1071,2 15085
99 1058,4 16487
100 1066,8 14654
101 1040,6 16247
102 1062,2 17576
103 1035,6 18053
104 1018,8 17421
105 1015,8 17345
106 1006,8 18371
107 1011,4 18274
108 987,2 14493
109 996,8 17252
110 993 17436
111 967,6 17613
112 841,2 19201
113 982,6 18615
114 826,4 18482
115 820 18397
116 824,2 19142
117 830,8 19962
118 801,8 17831
119 794,8 17490
120 810,6 18784
121 819,6 19819
122 785,4 16978
123 813,2 19620
124 830,2 20978
125 821,8 20622
126 827,6 21069
127 820,2 20735
128 824,4 21210
129 822,6 21389
130 818,8 21018
131 812,2 20876
132 834,6 22770
133 832,6 23005
134 784 19179
135 812 21906
136 792 20142
137 782,4 19783
138 772,2 18804
139 806,8 22101
140 776,6 19402
141 759,6 18228
142 774,8 19540
143 763,4 18831
144 769,8 19323
145 787 21219
146 760,6 18832
147 746,8 17882
148 755,8 18661
149 727 16252
150 750 18445
151 740,4 17763
152 730,6 16794
153 730,2 16977
154 720,2 16033
155 726,6 16804
156 728 16950
157 725,6 16900
158 718 16187
159 714,4 16123
160 731,2 17724
161 718,8 16733
162 713 16094
163 712,2 16277
164 705,8 15599
165 716,6 16952
166 691 14238
167 696,8 15034
168 701,4 15449
169 700,4 15644
170 692,4 14694
171 688,8 14578
172 691,2 14788
173 685,8 14426
174 687,8 14612
175 677,6 13634
176 671,4 12919
177 676,6 13772
178 679 13885
179 673,8 13509
180 672,2 13383
181 669,8 13309
182 668,6 13185
183 662,2 12554
184 661,6 12438
185 658,6 12311
186 656,2 11950
187 649 11251
188 653,4 11735
189 652,2 11874
190 648,4 11286
191 494 11706
192 643,4 10778
193 642,6 10959
194 486,6 10835
195 631,6 9937
196 633,4 9788
197 628,2 9710
198 477 9875
199 474,6 9805
200 471,8 9651
201 469,4 9638
202 467,4 9540
203 464,8 9430
204 462,6 9912
205 460,4 9238
206 458 9155
207 456 9047
208 454 10093
209 451,8 9144
210 449,4 9047
211 447,6 8674
212 445,6 9141
213 443,4 8787
214 441,4 8668
215 439,4 9434
216 437 9320
217 435,2 9211
218 433,2 8865
219 431,2 8190
220 429,8 8380
221 427,4 8274
222 425,6 9038
223 424 7825
224 421,8 7991
225 420 9012
226 418 8366
227 416,4 7729
228 414,4 8208
229 412,8 8648
230 411 7986
231 408,8 7892
232 406,8 7769
233 405,4 7984
234 403,8 8150
235 402,4 7800
236 400,4 7962
237 398,8 7319
238 397 7232
239 395,4 7972
240 393,8 7035
241 392,4 7248
242 390,6 7701
243 389 7315
244 386,8 7766
245 386 6855
246 384,2 7322
247 382,4 7211
248 381,2 8513
249 379,6 6745
250 378,2 6377
251 376,4 5973
252 375,2 6169
253 373,2 6633
254 372,2 6276
255 370,6 5886
256 369 6072
257 368 7089
258 366,8 6467
259 365 6068
260 364 6530
261 365 7273
262 360,8 6341
263 359,2 4872
264 361,2 6725
265 358,8 6352
266 360,2 6575
267 360,6 6726
268 356,6 6087
269 354 5707
270 365,4 7559
271 349,2 4414
272 353,8 5677
273 360 6731
274 357,4 6347
275 353,4 5677
276 352,6 5601
277 353,6 5787
278 356,6 6253
279 359 6715
280 356,8 6344
281 352,6 5681
282 345,4 4470
283 349,8 5209
284 352,4 5699
285 351,6 5566
286 356,2 6338
287 348,8 5120
288 344,8 4464
289 357,2 6602
290 353,6 5954
291 349,4 5287
292 352 5755
293 356 6514
294 350,4 5582
295 336 2967
296 351,4 5692
297 339,6 3617
298 342,4 4114
299 341,4 4262
300 342,6 4470
301 341,8 4366
302 342,8 4556
303 342 4447
304 343 4639
305 357,8 7337
306 341,4 4418
307 347 5389
308 334,4 3083
309 339 3889
310 342,4 4607
311 345 5165
312 346 5264
313 334,8 3227
314 345 5128
315 330,6 2545
316 341 4437
317 345,8 5363
318 345,2 5221
319 343,6 4874
320 347,2 5617
321 343,8 5003
322 340,2 4330
323 342,6 4809
324 340,4 4411
325 329,8 2416
326 343,6 5049
327 335,8 3507
328 341,2 4588
329 350,6 6438
330 344,4 5235
331 345,6 5415
332 346,2 5647
333 350 6348
334 344,8 5409
335 347,4 5916
336 336,8 3860
337 344,2 5199
338 352,6 7013
339 346,6 5804
340 339,8 4521
341 347,8 6096
342 348,8 6324
343 341,2 4865
344 335,4 3679
345 340,4 4638
346 345,4 5689
347 341 4735
348 351 6939
349 344,2 5421
350 345,8 5803
351 340,2 4689
352 352,6 7319
353 345,4 5856
354 334,6 3553
355 338 4264
356 353,4 7510
357 351,8 7147
358 340,4 4778
359 346 6050
360 337 4116
361 347 6194
362 337,2 4149
363 347 6260
364 347 6247
365 348,8 6707
366 342,8 5436
367 342,6 5450
368 334,4 3625
369 346,2 6206
370 337,6 4321
371 336,4 4137
372 346,4 6238
373 335,8 3951
374 347 6449
375 339,2 4694
376 331,6 3158
377 343,8 5835
378 341 5197
379 338,2 4556
380 337,6 4447
381 339,4 4908
382 346,4 6489
383 339,6 5016
384 338 4636
385 350 7302
386 344,4 6016
387 346,4 6562
388 337,8 4508
389 340,8 5236
390 342 5507
391 354,6 8411
392 341,6 5495
393 342,4 5714
394 340,8 5263
395 337,8 4697
396 351,6 7893
397 337,4 4539
398 343,8 6111
399 338,6 4861
400 345,4 6408
401 349,4 7452
402 338,6 4953
403 342,6 5855
404 333 3577
405 337,2 4550
406 345 6497
407 337,4 4672
408 338,2 4903
409 337,8 4732
410 344,2 6322
411 341,2 5672
412 345,6 6686
413 341,4 5794
414 344,4 6449
415 338,8 4979
416 341,4 5785
417 344,2 6310
418 339,6 5318
419 351,8 8228
420 339,8 5399
421 341,4 5756
422 343,8 6142
423 340,8 5691
424 341,4 5829
425 346,2 7111
426 337,4 4843
427 340 5555
428 340,6 5763
429 342,6 6189
430 341 5826
431 334,2 4115
432 342,8 6215
433 341 5785
434 338,2 5207
435 338 5100
436 333,4 4015
437 341 5971
438 335,8 4460
439 342,6 6380
440 338 5206
441 334,8 4357
442 337,6 5032
443 341 6033
444 346 7204
445 334,8 4428
446 341,2 5998
447 337,4 5064
448 334,6 4279
449 336,4 4847
450 339,2 5578
451 346 7425
452 337,8 5107
453 343 6686
454 345,2 7101
455 348,6 8170
456 343,8 6904
457 344 6914
458 344,2 7066
459 340 5938
460 338,2 5507
461 340,4 6015
462 336,4 4955
463 341,6 6384
464 337 5133
465 340,6 6149
466 334,6 4500
467 342,2 6609
468 334,6 4447
469 338 5445
470 337,8 5477
471 346,6 7996
472 337,8 5480
473 345,6 7840
474 341,2 6377
475 344,8 7444
476 337,6 5386
477 341,4 6379
478 336,4 5242
479 334,4 4544
480 342,6 6931
481 334,6 4702
482 342,8 7603
483 339,6 6193
484 339,4 6099
485 338 5670
486 339,6 6179
487 342,4 6872
488 339,4 6664
489 335,8 5020
490 339,6 6614
491 341 6774
492 337,8 5497
493 336 5421
494 340,2 6464
495 339,2 6065
496 336,2 5222
497 333 4464
498 335,2 4976
499 330,2 3847
500 332 4002
501 339,8 6866
502 333 4897
503 332,8 4720
504 337,6 6335
505 334,6 4939
506 336 5884
507 330,4 4382
508 331,2 4314
509 328,2 3930
510 335 5457
511 334,6 5414
512 333 4892
513 327,2 4406
514 327,8 3769
515 330,8 4239
516 325,4 3092
517 325,6 3802
518 324,4 2807
519 330 4063
520 325 2956
521 334 5308
522 325,6 2911
523 327 3123
524 326,8 3613
525 321,8 2313
526 322,6 2424
527 320,4 2026
528 326,8 4146
529 322,8 3136
530 327,6 3891
531 320,4 2426
532 322,8 2939
533 324,4 3402
534 320,4 2583
535 324,8 2693
536 317,6 1285
537 314,4 1173
538 325,8 2848
539 320,6 1721
540 323,2 3150
541 320 2627
542 317 1746
543 316,4 2329
544 307,8 376
545 317 2803
546 318,4 1694
547 316,2 2046
548 313,6 1307
549 314 1357
550 324 2952
551 314,4 2151
552 314,6 1632
553 315,2 3077
554 310,8 944
555 318,2 1920
556 318 2187
557 303,8 2246
558 318 2034
559 318,2 1948
560 315,2 1435
561 315,6 1550
562 311 1862
563 307,6 1134
564 290,2 728
565 307,2 946
566 296,2 991
567 299 764
568 301 1614
569 289 1268
570 304,8 1132
571 277,6 910
572 295,2 342
573 283,6 1183
574 293,8 1031
575 312,2 887
576 296 941
577 299,6 727
578 266,6 503
579 293,8 491
580 258,8 733
581 301,2 740
582 225,8 416
583 283,2 357
584 274 252
585 248,4 242
586 277 351
587 243,4 161
588 253 259
589 195,4 81
590 247,2 242
591 173,2 297
592 172 357
593 198,8 164
594 174,8 127
595 189,2 192
596 178,2 137
597 175,4 89
598 173,6 57
599 171,4 3
600 172 6
