1 46866,2 296
2 23406,6 488
3 15634 681
4 11756,4 867
5 9437,6 1069
6 7811,2 1246
7 6778,4 1436
8 5953,8 1629
9 5313,2 1772
10 4692,6 1732
11 4290 2196
12 4017,6 1843
13 3724,2 2607
14 3467 2454
15 3158 2702
16 2930 2518
17 2758,4 3083
18 2658,6 2945
19 2466 3199
20 2415,2 2746
21 2362,8 3604
22 2264 3768
23 2172 4264
24 1976,8 4450
25 1905,6 3781
26 1924,6 4550
27 1827,8 3599
28 1700,8 4644
29 1740,8 4840
30 1689 4458
31 1511,4 5795
32 1578,2 5982
33 1420,8 5335
34 1380,6 5247
35 1339,6 5103
36 1332,2 5613
37 1362,8 6691
38 1318,4 5162
39 1347 6480
40 1272,6 7227
41 1144,8 6598
42 1208,8 5635
43 1109,2 6995
44 1141,2 7192
45 1043,2 6482
46 1125,2 7832
47 1078,8 6873
48 1067 8515
49 1057,8 8430
50 1039 8333
51 1004 8778
52 1023,2 8679
53 1024 9202
54 990,8 8784
55 1002 9582
56 847,6 10045
57 961,8 8518
58 840 10158
59 829,2 10056
60 827,6 9979
61 821,6 10130
62 796,8 9190
63 816,8 10273
64 834 10987
65 796,6 9778
66 817,4 10816
67 779,2 9583
68 793 10125
69 814,6 11400
70 785,8 10149
71 772,8 9768
72 763 9362
73 753,6 9276
74 770 10023
75 757,8 9669
76 736,2 8676
77 718,2 8028
78 710,6 7654
79 733,6 8941
80 713,8 7992
81 718,2 8484
82 700,2 7522
83 699 7696
84 703 7866
85 682,2 6940
86 675,8 6534
87 680 7008
88 684 7199
89 669,2 7078
90 668,2 6398
91 666,4 6598
92 662 6223
93 657,2 6120
94 499,4 6001
95 637 5054
96 489,4 5518
97 632,4 5142
98 479,4 5039
99 474,4 4939
100 470,2 4909
101 465 4786
102 460,6 4690
103 456 4879
104 452 4503
105 448,2 4699
106 443,4 4297
107 439,2 4766
108 435,2 4391
109 431,6 4589
110 427,4 4491
111 423,4 4105
112 420,4 4312
113 416 3927
114 412,4 3547
115 408,4 3729
116 405,4 3629
117 401,4 3522
118 398,4 3151
119 395,4 3352
120 392,2 4099
121 388,4 3425
122 385,4 4187
123 382,8 4099
124 379,6 3443
125 376,4 3623
126 373,4 3530
127 371 3448
128 367,4 2773
129 364,8 3529
130 373 4261
131 359,4 2786
132 356,2 2116
133 353,6 2581
134 356,6 3041
135 362 3512
136 357,4 3151
137 352,2 2770
138 358,2 3248
139 350 2582
140 348,8 2474
141 347,2 2390
142 355,8 3148
143 344,4 2198
144 346,8 2377
145 368 4253
146 337,8 1645
147 346,2 2392
148 358 3425
149 344,8 2466
150 344,2 2381
151 339,6 2008
152 339 1920
153 331,4 1268
154 345,2 2553
155 337,8 1905
156 358,4 3773
157 351 3129
158 344 2460
159 339,2 2125
160 361,8 4226
161 343 2460
162 339,2 2104
163 341,2 2279
164 362,6 4391
165 341,4 2370
166 340,4 2253
167 355,8 3845
168 363,6 4563
169 345,6 2809
170 332,8 1549
171 349 3171
172 337,4 2027
173 352,2 3562
174 339,6 2302
175 347,4 3095
176 340,8 2439
177 332 1503
178 336,2 1974
179 343 2705
180 345,4 2893
181 336 1956
182 343,2 2703
183 334,2 1770
184 348,8 3389
185 344,6 2954
186 358,6 4470
187 340,8 2519
188 334,4 1847
189 331,4 1515
190 342,6 2793
191 336,8 2134
192 338,8 2373
193 347 3308
194 348,6 3528
195 345,2 3134
196 341,4 2783
197 336,4 2129
198 330,4 1473
199 336,6 2205
200 342,8 2966
201 339,8 2584
202 343 3000
203 347 3500
204 336,2 2217
205 338,2 2487
206 339,6 2667
207 352,6 4263
208 349,2 3881
209 353,6 4260
210 341 2861
211 337,6 2477
212 328,2 1282
213 355,8 4772
214 341,4 2976
215 345,4 3490
216 344,6 3401
217 354,6 4655
218 336,4 2360
219 344,2 3416
220 341,4 3025
221 350,8 4300
222 347,8 3910
223 338,4 2666
224 342,4 3191
225 335,2 2283
226 348,8 4009
227 339,6 2854
228 341 3120
229 347,4 4123
230 337,4 2634
231 342,6 3357
232 344,2 3543
233 335 2423
234 332,6 1998
235 347,4 4068
236 347,2 4776
237 340 3027
238 341,2 3986
239 345 3966
240 341,6 3362
241 341 3279
242 340,4 3155
243 330,8 1879
244 326 1610
245 331,2 2306
246 335,6 3067
247 342,2 3794
248 333 2413
249 326,8 1430
250 336,6 3054
251 336,2 3134
252 328 2259
253 332,4 2177
254 333,2 2329
255 320,2 928
256 325 1257
257 323 944
258 326,8 2149
259 324,8 2304
260 321,2 925
261 323,4 1391
262 320,2 800
263 330,8 2325
264 325,4 1596
265 318,8 990
266 324,2 1803
267 308,2 766
268 313,4 1363
269 325,4 2059
270 315,8 971
271 315,6 787
272 316,6 1355
273 315,2 869
274 315,6 984
275 313,2 693
276 297,8 1514
277 309,6 290
278 309,6 426
279 307,4 549
280 170,4 1501
281 308 477
282 273,4 439
283 306,8 491
284 304,4 761
285 284,6 739
286 301,6 495
287 297,6 605
288 188 46
289 253,4 258
290 285,2 110
291 269 88
292 175,4 46
293 253,6 149
294 269,4 119
295 185,6 55
296 176,8 45
297 171,4 44
298 173,8 36
299 166,4 4
300 174,4 31
301 169,2 0
302 171,8 5
303 167 31
304 168,6 6
305 169,8 0
306 165,8 8
307 170,2 0
308 170,8 0
309 169 0
310 173 0
311 165,8 0
312 165,8 0
313 167,8 0
314 173 0
315 168 0
316 165 0
317 172,2 0
318 166,2 0
319 167,6 0
320 165,8 0
321 166,4 0
322 169,8 0
323 166 0
324 170,2 0
325 169,8 0
326 170,2 0
327 169,2 0
328 167,4 0
329 166 0
330 167 0
331 165,8 0
332 176,4 0
333 166 0
334 167,6 0
335 171,4 0
336 167 0
337 167 0
338 166 0
339 166,4 0
340 169,8 0
341 169,8 0
342 168,2 0
343 169,8 0
344 167,8 0
345 175,6 0
346 165,8 0
347 167,6 0
348 170,8 0
349 170,2 0
350 170,4 0
351 168,4 0
352 168 0
353 169,2 0
354 168,8 0
355 168,2 0
356 168,2 0
357 172,4 0
358 166,2 0
359 170 0
360 166 0
361 167,2 0
362 168,4 0
363 165,8 0
364 173,8 0
365 174,4 0
366 165,2 0
367 167,4 0
368 171,2 0
369 166,8 0
370 167,4 0
371 169,2 0
372 173 0
373 174,2 0
374 167,6 0
375 174,4 0
376 165,8 0
377 166,6 0
378 171,4 0
379 166,8 0
380 171 0
381 170,6 0
382 166 0
383 174,6 0
384 170,6 0
385 167,4 0
386 175,8 0
387 168,2 0
388 172,2 0
389 172,4 0
390 169,4 0
391 167 0
392 168,4 0
393 169,6 0
394 168,6 0
395 172,2 0
396 167,2 0
397 169,4 0
398 169,2 0
399 165,8 0
400 169,6 0
