1 94426,2 496
2 47186,6 888
3 31487,4 1281
4 23686,4 1664
5 19014 2069
6 15737,8 2455
7 13663,8 2841
8 11999 3232
9 10704 3574
10 9448,6 3434
11 8643 4399
12 8108,6 3651
13 7505,6 5206
14 6990,2 4944
15 6360,6 5404
16 6160,4 4631
17 5556,2 6193
18 5354,2 5956
19 4969,2 6394
20 4857,2 5540
21 4764,6 7206
22 4564 7565
23 4379,2 8556
24 3978,4 8943
25 3833,4 7595
26 3877 9150
27 3677,8 7200
28 3422 9357
29 3508 9741
30 3402,2 8970
31 3045,8 11687
32 3179,4 12081
33 2862,6 10743
34 2778,4 10548
35 2698,2 10327
36 2679,8 11299
37 2743,2 13492
38 2654,4 10361
39 2714 13086
40 2561 14622
41 2304,8 13306
42 2432,6 11335
43 2230 14085
44 2294,8 14495
45 2099,8 13073
46 2267 15826
47 2168,8 13875
48 2167,2 17219
49 2129,4 17026
50 2092,8 16843
51 2021,4 17762
52 2061 17611
53 2063,4 18601
54 1996,2 17785
55 2017,8 19385
56 1702,6 20342
57 1939,2 17237
58 1687,6 20556
59 1665 20352
60 1660,2 20182
61 1651,2 20536
62 1599,8 18597
63 1640,2 20788
64 1678,4 22283
65 1599,8 19786
66 1647 21927
67 1570,2 19364
68 1595,8 20418
69 1643 23097
70 1584,2 20535
71 1556,4 19778
72 1538,2 18961
73 1519 18784
74 1553,2 20328
75 1526,4 19570
76 1484,2 17593
77 1447 16227
78 1431,2 15453
79 1478,6 18157
80 1438,6 16207
81 1447,4 17177
82 1411 15211
83 1408,8 15594
84 1417,8 15976
85 1374,2 14043
86 1361,8 13232
87 1370,2 14214
88 1379,2 14605
89 1358,4 14383
90 1346,8 13017
91 1343,6 13389
92 1333,8 12629
93 1324,4 12428
94 1005,4 12224
95 1283 10252
96 984,8 11223
97 1277,8 10448
98 964,6 10235
99 955 10036
100 945,8 9978
101 936 9717
102 927 9514
103 918 9911
104 909,2 9128
105 901 9523
106 892,2 8721
107 883,8 9699
108 875,4 8929
109 867,6 9314
110 859,8 9116
111 852 8332
112 845,2 8739
113 837 7952
114 829,6 7171
115 822 7563
116 815,4 7354
117 808 7146
118 801,4 6378
119 795 6777
120 788,4 8326
121 781,2 6951
122 775,4 8511
123 769,4 8331
124 763,2 6968
125 757 7346
126 750,8 7160
127 745,4 6973
128 739 5598
129 733,4 7154
130 747,4 8686
131 722,4 5610
132 716,6 4241
133 711 5205
134 713,6 6166
135 725 7139
136 715,4 6374
137 705,4 5599
138 716,8 6572
139 700,2 5206
140 697,6 4998
141 694,6 4814
142 712,2 6376
143 689,4 4424
144 693,6 4802
145 736,6 8680
146 675,6 3269
147 692,8 4817
148 716 6953
149 691,8 4993
150 689,8 4805
151 681 4033
152 679,2 3845
153 664,2 2492
154 692,4 5177
155 677,6 3830
156 718,6 7699
157 704 6354
158 689,4 4985
159 680,6 4300
160 726,2 8657
161 688,2 4984
162 680,2 4229
163 684 4604
164 727,8 9024
165 685,2 4794
166 682,8 4577
167 714,6 7870
168 729,6 9389
169 693,2 5735
170 667,4 3099
171 699,8 6496
172 676,2 4102
173 706,6 7286
174 681,4 4650
175 696,8 6320
176 683,6 4967
177 666 3027
178 674,4 3999
179 688,4 5529
180 692 5921
181 674 3981
182 688,2 5531
183 670,2 3596
184 699,4 6918
185 691,6 6078
186 719,4 9219
187 683,2 5143
188 670,8 3771
189 664,6 3090
190 687 5718
191 675,6 4359
192 678,8 4807
193 696,2 6832
194 699,2 7254
195 692,6 6460
196 685,4 5707
197 674,4 4353
198 662,8 2997
199 675,4 4529
200 688 6091
201 681,6 5309
202 688 6202
203 696,2 7230
204 674,6 4566
205 678,8 5106
206 681,6 5491
207 707,6 8826
208 701,2 8005
209 709 8885
210 683,6 5860
211 677,4 5101
212 658 2607
213 714,4 9899
214 685,6 6201
215 693 7214
216 691,6 7032
217 711,8 9678
218 674,8 4885
219 690,6 7043
220 685 6250
221 704,2 8927
222 697,8 8114
223 679,6 5591
224 686,8 6616
225 672,4 4749
226 700 8434
227 681,8 5978
228 684,2 6447
229 698,2 8592
230 677 5458
231 687,2 6957
232 690,6 7366
233 672,4 4947
234 667,2 4122
235 697,6 8490
236 702,8 9998
237 682,6 6352
238 691,2 8413
239 694 8345
240 685,8 6985
241 684,6 6804
242 683 6580
243 664,6 4004
244 657,4 3335
245 667,6 4831
246 677,4 6444
247 689,2 7918
248 669,2 4988
249 656,6 3004
250 677,4 6329
251 678,2 6556
252 663,6 4683
253 667,2 4502
254 669 4854
255 645,8 1852
256 653,4 2607
257 649,4 1969
258 661,6 4572
259 661 4928
260 647,6 1949
261 652,8 2915
262 645,4 1625
263 666 4848
264 656 3396
265 645,8 2114
266 655,8 3728
267 634,2 1684
268 643,6 3087
269 658,6 4290
270 641,4 1894
271 640,6 1610
272 646 2979
273 641 1793
274 642,2 2108
275 637,4 1468
276 628,2 3339
277 631,8 514
278 632,8 901
279 631 1173
280 340,2 3276
281 631 901
282 597,8 1064
283 630 1014
284 630,6 1785
285 610 1707
286 625 1020
287 621,8 1380
288 350,6 976
289 575,2 489
290 609,8 234
291 590,6 124
292 491,8 267
293 578 273
294 592,4 179
295 346 290
296 344,6 114
297 331,4 60
298 337 75
299 326 4
300 339,6 34
301 329,2 0
302 331,8 5
303 330,2 31
304 328,6 6
305 329,8 0
306 325,8 8
307 330,2 0
308 330,8 0
309 329 0
310 333 0
311 325,8 0
312 325,8 0
313 327,6 0
314 333 0
315 328 0
316 325 0
317 332,2 0
318 326,2 0
319 327,6 0
320 325,8 0
321 325,4 0
322 329,8 0
323 326 0
324 330,2 0
325 329,8 0
326 330,2 0
327 329,2 0
328 327,4 0
329 326 0
330 327 0
331 325,8 0
332 336,4 0
333 326 0
334 327,6 0
335 331,4 0
336 327 0
337 327 0
338 326 0
339 326 0
340 329,8 0
341 329,8 0
342 328,2 0
343 329,8 0
344 327,8 0
345 335,6 0
346 325,8 0
347 327,6 0
348 329,8 0
349 330,2 0
350 330,4 0
351 328,4 0
352 328 0
353 329,2 0
354 328,8 0
355 328,2 0
356 328,2 0
357 332,4 0
358 326,2 0
359 330 0
360 325,8 0
361 327,2 0
362 328,4 0
363 325,8 0
364 333,8 0
365 334,4 0
366 325,2 0
367 327,4 0
368 330,8 0
369 326,8 0
370 327,4 0
371 329,2 0
372 334,4 0
373 333,2 0
374 327,6 0
375 334,4 0
376 325,8 0
377 326,6 0
378 331,4 0
379 328,4 0
380 331 0
381 330,6 0
382 326 0
383 334,6 0
384 330,6 0
385 327,4 0
386 335,8 0
387 329,4 0
388 332 0
389 332,4 0
390 329,4 0
391 327 0
392 328,4 0
393 329,6 0
394 328,8 0
395 332,2 0
396 327,2 0
397 329,4 0
398 329,6 0
399 325,8 0
400 329,6 0
401 327,2 0
402 329,4 0
403 327,8 0
404 331,2 0
405 329 0
406 328,4 0
407 328,8 0
408 326,4 0
409 336 0
410 326,6 0
411 329,8 0
412 327 0
413 328,2 0
414 334,6 0
415 329 0
416 328,6 0
417 330 0
418 326,6 0
419 326 0
420 327,4 0
421 327,8 0
422 338,6 0
423 326,4 0
424 328,8 0
425 327,8 0
426 329,8 0
427 327,6 0
428 330 0
429 333,6 0
430 335,6 0
431 332,6 0
432 332,8 0
433 338,4 0
434 325,4 0
435 328,2 0
436 326 0
437 327,8 0
438 337,4 0
439 330,6 0
440 336,2 0
441 330,8 0
442 331,2 0
443 330,2 0
444 329,2 0
445 328,8 0
446 326,6 0
447 326,2 0
448 332 0
449 326,8 0
450 335,6 0
451 329,2 0
452 327 0
453 329,6 0
454 332 0
455 328,2 0
456 327,6 0
457 328,8 0
458 331,4 0
459 331,4 0
460 329,4 0
461 329,6 0
462 324,8 0
463 326,4 0
464 329,6 0
465 331,2 0
466 329,8 0
467 326,8 0
468 334,6 0
469 336 0
470 333,2 0
471 330,2 0
472 327,8 0
473 326,8 0
474 326,2 0
475 327,4 0
476 328 0
477 331 0
478 329,8 0
479 326,4 0
480 329,8 0
481 328 0
482 329,6 0
483 327,4 0
484 329,8 0
485 326,2 0
486 330,2 0
487 330,6 0
488 327 0
489 327,2 0
490 331 0
491 327,2 0
492 326,8 0
493 326,6 0
494 325 0
495 331 0
496 326,8 0
497 331,2 0
498 326,8 0
499 327,8 0
500 331,6 0
501 326,6 0
502 331,2 0
503 328,4 0
504 331 0
505 330,6 0
506 325,8 0
507 329,8 0
508 331 0
509 328,2 0
510 331 0
511 326,6 0
512 330,4 0
513 328,4 0
514 334,2 0
515 329,6 0
516 336,2 0
517 330 0
518 331,2 0
519 328,4 0
520 330,6 0
521 329,4 0
522 334,6 0
523 328,4 0
524 327 0
525 325 0
526 327 0
527 331,4 0
528 327 0
529 332,2 0
530 328,2 0
531 329,4 0
532 334,4 0
533 326,8 0
534 329,6 0
535 326 0
536 327,4 0
537 327,4 0
538 327,8 0
539 333,6 0
540 328,4 0
541 329,8 0
542 328,2 0
543 327,4 0
544 327,8 0
545 328,2 0
546 327,8 0
547 334,6 0
548 329,4 0
549 329,8 0
550 327,4 0
551 327,2 0
552 328,4 0
553 326 0
554 329,8 0
555 328,4 0
556 333 0
557 329,6 0
558 326,2 0
559 334,2 0
560 334,2 0
561 335 0
562 325,8 0
563 326 0
564 325,2 0
565 331,2 0
566 329,8 0
567 326,6 0
568 338,8 0
569 330,8 0
570 331 0
571 328,2 0
572 334 0
573 329,4 0
574 327,8 0
575 324,8 0
576 327,2 0
577 328,8 0
578 328,2 0
579 340,4 0
580 329,6 0
581 325,8 0
582 327,4 0
583 326,6 0
584 329 0
585 330 0
586 325,8 0
587 333,4 0
588 326,2 0
589 326,2 0
590 327,6 0
591 326,6 0
592 334,6 0
593 329,8 0
594 332 0
595 334,8 0
596 326,6 0
597 328,2 0
598 330,6 0
599 331,4 0
600 328,4 0
