1 189664 594
2 94871,4 986
3 63237,6 1383
4 47412,6 1774
5 37956,8 2172
6 31619 2562
7 27091,6 2932
8 23910 3313
9 21186,8 3714
10 19005,2 3475
11 17308 4373
12 16040,4 4914
13 14623 5311
14 13803,4 4528
15 12774 5341
16 11877,4 5898
17 11362,2 5718
18 10540 7265
19 10009 6507
20 9754,4 7466
21 9264,6 6116
22 8624,2 7690
23 8482,8 8634
24 8181,6 9048
25 7756,4 8289
26 7575,8 10437
27 7025 8473
28 6774 9445
29 6632,8 11020
30 6358,2 11990
31 6375,4 9445
32 6039,8 11012
33 5782,8 9675
34 5840,2 12964
35 5440 12190
36 5535 10842
37 5317,6 12980
38 5012,4 11623
39 5012,8 10862
40 4756,4 12406
41 4695,4 12786
42 4765,6 14948
43 4618,6 14182
44 4543,6 16326
45 4448,6 15497
46 4177 15331
47 4133,4 16334
48 3976,2 16699
49 4075,8 17692
50 3962 15165
51 3909,8 16738
52 3821,8 15946
53 3845,2 20441
54 3778,8 18528
55 3699,6 18880
56 3639,6 19286
57 3594,8 19661
58 3397,4 18877
59 3420 22213
60 3247 17352
61 3366 20078
62 3302,2 19305
63 3314 21469
64 3179,2 22400
65 3178,2 23383
66 3093,6 21450
67 2967,4 24195
68 2818,4 22251
69 3041,4 20883
70 2854,6 21247
71 2752,8 21683
72 2822 22625
73 2812 23031
74 2717,6 19918
75 2623,2 25571
76 2727 20677
77 2743 28156
78 2592,6 23836
79 2541 23634
80 2582,6 24597
81 2647 27939
82 2562,8 24843
83 2332,8 27530
84 2543 27363
85 2251,6 27743
86 2512,8 27611
87 2314,4 30859
88 2304,4 30130
89 2261,2 28734
90 2166,4 28552
91 2156,4 28326
92 2107 28767
93 2166,8 29725
94 2166 31876
95 2195,6 32857
96 2127,6 31479
97 2137,6 30112
98 2157,4 30512
99 2130,4 33281
100 2148,8 29559
101 2094,4 32859
102 2140,2 35601
103 2086,2 36559
104 2051,4 35225
105 2044,6 35043
106 2027,6 37165
107 2037,6 36980
108 1987,6 29185
109 2007 34862
110 2000 35232
111 1950,2 35638
112 1694,4 38910
113 1979,8 37620
114 1664,6 37376
115 1651 37181
116 1654,8 38758
117 1668 40360
118 1609 36026
119 1596,2 35303
120 1626,8 37986
121 1646,4 40107
122 1570,4 34176
123 1633,8 39738
124 1667,8 42483
125 1651 41712
126 1661,4 42651
127 1646,4 41926
128 1655,8 42905
129 1652,6 43276
130 1644,4 42533
131 1632 42288
132 1678,4 46180
133 1675 46600
134 1579 38803
135 1637,2 44425
136 1595,2 40761
137 1576,8 39955
138 1555,8 38013
139 1626,6 44806
140 1564,8 39301
141 1529,8 36847
142 1560,4 39564
143 1538 38144
144 1550,6 39141
145 1586,2 43044
146 1533 38151
147 1504,6 36170
148 1522,6 37758
149 1464,4 32874
150 1512 37343
151 1491,8 35985
152 1471,8 34020
153 1470,8 34376
154 1450,8 32449
155 1463,2 34010
156 1467,2 34360
157 1461 34214
158 1446,4 32830
159 1439 32619
160 1473,4 35923
161 1448,6 33978
162 1436,8 32605
163 1434,8 32993
164 1422,2 31614
165 1444,2 34361
166 1392 28841
167 1403 30416
168 1413,6 31370
169 1411,6 31745
170 1395 29819
171 1388 29584
172 1392,8 29988
173 1381,4 29238
174 1386 29623
175 1365 27620
176 1353 26252
177 1362,8 27866
178 1368,2 28191
179 1357,2 27405
180 1355 27189
181 1344,4 26416
182 1348,6 26793
183 1334,4 25463
184 1333 25246
185 1327,2 25035
186 1322,2 24255
187 1307,4 22846
188 1316,6 23865
189 1315,4 24205
190 1306,2 22900
191 994,2 23834
192 1296,2 21892
193 1295,8 22248
194 979,2 22036
195 1274 20137
196 1276,6 19905
197 1268,8 19708
198 959,6 20087
199 954,8 19893
200 949,6 19619
201 945 19570
202 940,4 19372
203 935,6 19153
204 931 20144
205 926,4 18762
206 922,2 18580
207 917,4 18376
208 913,4 20525
209 909,2 18569
210 904,4 18372
211 900,4 17598
212 896,2 18566
213 891,8 17812
214 888 17598
215 884 19158
216 879,6 18946
217 875,4 18735
218 871,6 17989
219 867,6 16623
220 864 17010
221 859,8 16798
222 856 18362
223 852,6 15857
224 848,4 16219
225 844,6 18343
226 840,8 16995
227 837,4 15657
228 833,6 16633
229 830 17587
230 826,4 16222
231 822,4 16019
232 819 15797
233 815,6 16208
234 812,2 16583
235 809 15828
236 805,2 16187
237 802 14848
238 798,4 14661
239 795,2 16197
240 791,8 14268
241 789 14679
242 785,4 15625
243 782,2 14844
244 778,6 15790
245 776 13884
246 772,8 14849
247 769,4 14643
248 766,6 17342
249 763,4 13669
250 760,4 12902
251 757,2 12097
252 754,4 12494
253 751 13457
254 748,4 12701
255 745,4 11918
256 742,4 12296
257 739,8 14423
258 737,2 13097
259 734 12297
260 731,6 13256
261 731,2 14799
262 725,6 12866
263 722,6 9797
264 723,2 13650
265 718,2 12880
266 720,4 13302
267 722 13650
268 713,6 12312
269 708,8 11531
270 731,8 15386
271 701,8 8839
272 708 11502
273 720,6 13656
274 715,6 12871
275 707,2 11501
276 706 11325
277 707,8 11721
278 713,4 12683
279 718,8 13641
280 714 12869
281 705,8 11505
282 691 8995
283 699,8 10534
284 705,6 11524
285 703,8 11290
286 712,6 12865
287 697,8 10345
288 690 8989
289 715,2 13427
290 707,2 12082
291 699,2 10711
292 704,4 11680
293 712,8 13253
294 701,8 11307
295 671,8 5892
296 702,6 11525
297 679,2 7241
298 684,6 8238
299 684,6 8589
300 686,6 9004
301 685,4 8803
302 687,2 9184
303 686 8972
304 688 9364
305 717,8 14973
306 684,6 8918
307 696 10938
308 670,2 6132
309 679 7813
310 686,8 9336
311 692 10438
312 693,8 10689
313 671,2 6452
314 691,6 10402
315 663 5020
316 683,8 8917
317 694 10891
318 692,4 10653
319 688,6 9899
320 696,2 11446
321 689,4 10128
322 682 8755
323 686,8 9730
324 682,2 8911
325 661,4 4741
326 689,2 10277
327 673 7057
328 684,2 9316
329 703,2 13163
330 690,8 10661
331 692,6 11042
332 694,6 11523
333 701,8 12973
334 691,8 11034
335 696,4 12043
336 675,6 7784
337 689,4 10524
338 707,4 14344
339 695 11831
340 681,8 9169
341 698 12520
342 699,8 12956
343 684,8 9890
344 672,6 7404
345 682,8 9462
346 692,6 11622
347 683,8 9660
348 704,4 14163
349 690 11050
350 693,4 11857
351 682,2 9564
352 707,8 15052
353 692,8 11956
354 670,8 7178
355 678,2 8688
356 709 15443
357 705,6 14674
358 682,8 9803
359 694,4 12399
360 675,8 8342
361 695,8 12718
362 676,4 8473
363 696,2 12886
364 695,6 12773
365 699,4 13738
366 688 11168
367 687,2 11128
368 670,6 7349
369 694,6 12755
370 676,8 8742
371 674,6 8387
372 695 12862
373 673,4 8089
374 695,8 13176
375 679,8 9569
376 665,4 6383
377 689,8 11959
378 684 10630
379 678,4 9331
380 677 9084
381 680,4 10008
382 695 13313
383 681,6 10241
384 678,4 9460
385 702,2 15075
386 691,2 12447
387 695 13493
388 677,2 9231
389 683,4 10761
390 685,6 11282
391 711 17339
392 685,4 11325
393 686,8 11738
394 683,4 10813
395 677,8 9622
396 705,6 16360
397 676,2 9264
398 689,6 12579
399 679,2 9997
400 692,6 13233
401 701,2 15376
402 679,2 10128
403 687 12083
404 667,6 7301
405 676,2 9373
406 692 13372
407 676,8 9596
408 678,6 10087
409 677,4 9757
410 690,2 13051
411 684,8 11696
412 693,2 13858
413 685,2 11919
414 691,4 13382
415 679,2 10306
416 685,2 11910
417 689,6 12933
418 681 10941
419 705,4 17054
420 681,8 11124
421 685,2 11980
422 689,6 12915
423 683,4 11715
424 685 12053
425 695 14735
426 676,6 9971
427 682,2 11480
428 683,2 11868
429 687,2 12813
430 683,8 12026
431 670,4 8439
432 687,2 12849
433 684 12009
434 678,6 10731
435 678 10523
436 668,8 8139
437 684,8 12396
438 673,4 9284
439 687,4 13204
440 678,2 10728
441 671 8881
442 676,8 10356
443 684,4 12458
444 694,2 15036
445 672 9151
446 684 12428
447 677 10539
448 670,4 8705
449 675,2 10069
450 680,6 11603
451 694,6 15450
452 677 10556
453 688,6 13911
454 692,4 14829
455 699,4 16919
456 690,2 14428
457 689,8 14344
458 691 14718
459 682,2 12263
460 679 11431
461 682,4 12445
462 674,8 10306
463 685,2 13250
464 676 10658
465 683,4 12774
466 670,8 9275
467 686,2 13634
468 670,8 9271
469 678,2 11370
470 677,6 11353
471 696 16720
472 678 11406
473 694,4 16364
474 684,6 13302
475 691,8 15468
476 677,2 11209
477 685 13311
478 675,4 10867
479 670,6 9393
480 687,8 14450
481 671,2 9727
482 690,2 15823
483 681,6 12817
484 680,8 12623
485 678,4 11796
486 681,6 12804
487 686,4 14238
488 683,2 13914
489 673,4 10446
490 683 13789
491 684,8 14100
492 677,2 11522
493 675,4 11345
494 682,8 13489
495 680,4 12689
496 674 10850
497 668,8 9313
498 672,6 10402
499 663,2 7971
500 666 8326
501 684 14395
502 670,2 10223
503 669,4 9952
504 679,6 13259
505 671,6 10313
506 676,6 12310
507 665,8 9206
508 665,8 9041
509 662 8252
510 674 11495
511 673,2 11339
512 669,4 10167
513 662,6 9231
514 660,6 7894
515 665 8870
516 655,8 6417
517 658,4 7927
518 654,2 5937
519 664,2 8588
520 655,2 6181
521 672 11132
522 656,2 6235
523 657,6 6586
524 659,2 7636
525 648,8 4738
526 650,6 5048
527 647,6 4301
528 661,4 8970
529 652,6 6360
530 660,6 8216
531 648,6 5150
532 652,6 6213
533 655,4 7177
534 648,6 5358
535 653,8 5617
536 641,6 2609
537 638,4 2448
538 655 6048
539 646 3645
540 654,2 6775
541 648,8 5552
542 642,4 3721
543 644,2 4977
544 629,2 600
545 647 6227
546 643,4 3518
547 643 4421
548 637,2 2630
549 638,8 2882
550 653,6 6227
551 641,4 4673
552 639,8 3432
553 645,4 6650
554 634,2 1968
555 644 4045
556 644,6 4511
557 632 5071
558 645,2 4458
559 644,8 4273
560 640 3058
561 641 3425
562 637,6 4185
563 632 2458
564 613,8 1652
565 630,6 2069
566 620 2365
567 622 1688
568 627,2 3639
569 614,6 3192
570 629,6 2656
571 602,6 2335
572 619,4 1066
573 609,4 3058
574 618 2455
575 635,4 1912
576 619,6 2166
577 622,6 1602
578 589,8 1202
579 616,2 1166
580 582,6 1909
581 624,6 1763
582 550,6 1340
583 605,8 882
584 596,8 637
585 570 317
586 600,2 875
587 566,2 309
588 576,2 601
589 512,6 96
590 571,4 666
591 333,2 919
592 332 932
593 358,8 605
594 505,8 141
595 443,6 251
596 338,2 261
597 336,2 89
598 335,2 64
599 331,4 3
600 332 6
601 333,6 68
602 333,8 58
603 334,2 0
604 331,4 0
605 328 3
606 335,2 0
607 347 0
608 343,6 0
609 329,6 0
610 329,4 0
611 331,2 0
612 339,4 0
613 328,6 0
614 330,8 0
615 329 0
616 331 0
617 329,4 0
618 328,2 0
619 332,4 0
620 329,4 0
621 335,8 0
622 331,8 0
623 330,6 0
624 329,8 0
625 334,8 0
626 330 0
627 336,2 0
628 328,4 0
629 327,8 0
630 333 0
631 329,2 0
632 332 0
633 336 0
634 332,8 0
635 326,8 0
636 331 0
637 328,6 0
638 331,6 0
639 331,4 0
640 336,6 0
641 330,8 0
642 334,6 0
643 328 0
644 327,8 0
645 330,4 0
646 331 0
647 334,2 0
648 329 0
649 337 0
650 327,8 0
651 333,6 0
652 331,8 0
653 326,4 0
654 330 0
655 331,2 0
656 328,8 0
657 336 0
658 332,4 0
659 332,8 0
660 331,8 0
661 329,6 0
662 345,2 0
663 328,2 0
664 333 0
665 335,6 0
666 328,8 0
667 346,4 0
668 336 0
669 331,4 0
670 329,2 0
671 336,2 0
672 330,4 0
673 330,8 0
674 330,8 0
675 330,4 0
676 328,2 0
677 330,8 0
678 334 0
679 329,4 0
680 332,8 0
681 333,6 0
682 329,8 0
683 335 0
684 328,2 0
685 328 0
686 332,6 0
687 331,4 0
688 329,6 0
689 327,2 0
690 327,2 0
691 332 0
692 332,2 0
693 326,8 0
694 334,6 0
695 330,6 0
696 331,8 0
697 327,2 0
698 332,2 0
699 332 0
700 332 0
