1 1.6 0
2 4.2 0
3 6.8 0
4 8.8 0
5 10.2 0
6 12 0
7 13.4 0
8 17.2 0
9 18.2 0
10 18.4 0
11 21.8 0
12 23 0
13 24.6 0
14 27.6 0
15 27.8 0
16 31.8 0
17 32.6 0
18 33.6 0
19 34.2 0
20 34.2 0
21 43 0
22 41.6 0
23 44.8 0
24 42.2 0
25 43.8 0
26 49.2 0
27 47 0
28 50.8 0
29 52.6 0
30 53.6 0
31 55 0
32 55 1
33 56.6 1
34 65.2 30
35 67 18
36 63.2 97
37 98 93
38 113.6 150
39 127.4 269
40 75.4 506
41 138 629
42 140.2 593
43 137.8 698
44 148.6 529
45 157 902
46 155.8 594
47 163.8 832
48 167 853
49 175.4 1149
50 171.8 773
51 175 794
52 173.6 539
53 175.8 459
54 188 982
55 187 738
56 203.2 1472
57 204.6 1377
58 199.2 914
59 194.6 464
60 212 1300
61 210.6 991
62 213.8 1005
63 223.4 1373
64 214.6 722
65 218.4 745
66 231 1312
67 227.4 892
68 233 957
69 247.2 1562
70 250 1562
71 251.2 1428
72 242.4 647
73 261.4 1673
74 264.2 1665
75 271.6 1933
76 270.2 1510
77 282.4 2204
78 288.8 2403
79 292.4 2257
80 299.6 2249
81 307.8 2318
82 315.6 2577
83 323.2 2855
84 331 3096
85 339.6 3166
86 347.4 3188
87 355.6 3255
88 363.4 3500
89 371.8 3074
90 380.8 3095
91 389.4 3408
92 397.6 3683
93 406.6 3508
94 415.2 3768
95 424.2 3850
96 433 4123
97 442.4 4219
98 451.4 4506
99 460.8 4583
100 470.4 4831
101 479.2 4977
102 489.2 5231
103 498.8 5580
104 666.6 5652
105 672.8 6024
106 528.4 6679
107 692 6481
108 709.6 7155
109 559.2 7853
110 736.8 7913
111 739.2 7698
112 590.8 9057
113 768.2 8820
114 775.2 8921
115 622.8 10314
116 789.8 9106
117 816.8 10505
118 829.6 10955
119 826.6 10354
120 849.6 11494
121 840.2 10540
122 886.8 13109
123 888.4 12858
124 873.4 11574
125 904.2 13108
126 900.4 12505
127 918.8 13339
128 931.8 13816
129 946.4 14346
130 954.6 14449
131 978.8 15665
132 992.4 16197
133 1000 16283
134 1014 16850
135 1023 16941
136 1018.2 16304
137 1075.2 19622
138 1072 19008
139 1059.6 17928
140 1093.2 19670
141 1068.4 17766
142 1128.8 21190
143 1104.4 19286
144 1145.8 21519
145 1181.2 23385
146 1168.6 22239
147 1210.8 24541
148 1192.4 22999
149 1194 22772
150 1257.6 26398
151 1251.2 25685
152 1278 26751
153 1287 26904
154 1267.4 25334
155 1318.2 28223
156 1277.2 25216
157 1287 25398
158 1330 27844
159 1348.2 28512
160 1316.4 26315
161 1312.2 25591
162 1334.8 26638
163 1351.8 27331
164 1344 26522
165 1351.6 26680
166 1329.8 24919
167 1337 25082
168 1350.8 25221
169 1400.4 28308
170 1408 28483
171 1450.8 30674
172 1443.6 29862
173 1428 28545
174 1686 25633
175 1475.4 30902
176 1705.6 27482
177 1756 29716
178 1758.8 28876
179 1777.4 29528
180 1795.8 30220
181 1814.8 30408
182 1789.8 30008
183 1826.6 30699
184 1827.8 28722
185 1837.4 28420
186 1891.4 29044
187 1884.6 30870
188 1903.4 33255
189 1923.4 28475
190 1906.6 30277
191 1918.4 26016
192 2008.6 31701
193 1955.2 32424
194 2011.2 32651
195 2031 34517
196 2024.4 32960
197 2080 31998
198 2100.2 33903
199 2082 34642
200 2083.6 30722
201 