0.0125126 5.63585
0.089114 3.7788
0.0125126 5.63585
0.570391 6.07685
0.0125126 5.63585
0.975066 6.25172
0.0125126 5.63585
0.943937 4.37727
0.0125126 5.63585
1.04801 5.05051
0.0125126 5.63585
0.0589007 7.07877
0.0125126 5.63585
0.559099 6.3921
0.0125126 5.63585
1.0062 6.23066
0.0125126 5.63585
0.278329 3.29844
0.0125126 5.63585
0.661641 4.27808
1.93304 8.08741
1.74108 8.58943
1.93304 8.08741
1.47496 9.49583
1.93304 8.08741
1.53233 8.77255
1.93304 8.08741
1.9599 7.61315
1.93304 8.08741
1.09928 7.43126
1.93304 8.08741
1.40263 7.33085
1.93304 8.08741
2.27302 7.69066
1.93304 8.08741
1.84271 7.37907
1.93304 8.08741
3.80108 7.85363
1.93304 8.08741
1.31626 8.47072
1.93304 8.08741
1.31626 7.43278
1.93304 8.08741
2.84249 7.8811
1.93304 8.08741
2.28492 8.63582
5.85009 4.79873
5.31663 5.71184
5.85009 4.79873
6.01764 6.07166
5.85009 4.79873
6.11499 3.92438
5.85009 4.79873
5.87909 6.91183
5.85009 4.79873
5.72405 3.61339
5.85009 4.79873
5.99048 3.85235
5.85009 4.79873
6.99759 5.04807
5.85009 4.79873
7.21915 4.75295
5.85009 4.79873
5.77868 5.32579
5.85009 4.79873
6.28071 6.04144
5.85009 4.79873
5.84613 3.51299
5.85009 4.79873
7.37999 3.13883
5.85009 4.79873
5.45091 4.48256
5.85009 4.79873
6.88162 5.32151
5.85009 4.79873
6.06281 3.95184
3.50291 8.95962
1.74108 8.58943
3.50291 8.95962
4.57961 9.49156
3.50291 8.95962
4.25153 8.02881
3.50291 8.95962
1.41575 9.05118
3.50291 8.95962
1.9599 7.61315
3.50291 8.95962
3.14066 9.41069
3.50291 8.95962
2.27302 7.69066
3.50291 8.95962
3.00058 9.43999
3.50291 8.95962
3.80108 7.85363
3.50291 8.95962
2.84249 7.8811
3.50291 8.95962
3.61126 8.56655
3.50291 8.95962
2.28492 8.63582
8.2284 7.46605
7.83319 8.02606
8.2284 7.46605
8.37611 7.26493
8.2284 7.46605
8.43043 6.26759
8.2284 7.46605
7.5222 6.86148
8.2284 7.46605
8.3462 7.07999
8.2284 7.46605
8.26685 9.59075
8.2284 7.46605
8.51222 7.44316
8.2284 7.46605
8.02393 8.06879
8.2284 7.46605
8.9523 7.89636
1.74108 8.58943
1.47496 9.49583
1.74108 8.58943
1.41575 9.05118
1.74108 8.58943
1.53233 8.77255
1.74108 8.58943
1.9599 7.61315
1.74108 8.58943
1.7835 9.95178
1.74108 8.58943
1.84271 7.37907
1.74108 8.58943
3.00058 9.43999
1.74108 8.58943
1.31626 8.47072
1.74108 8.58943
2.28492 8.63582
1.74108 8.58943
1.3654 8.5519
7.10501 5.13535
7.35008 6.08966
7.10501 5.13535
7.51549 3.45561
7.10501 5.13535
6.99759 5.04807
7.10501 5.13535
7.21915 4.75295
7.10501 5.13535
7.32017 4.05591
7.10501 5.13535
7.39189 5.67278
7.10501 5.13535
9.82971 2.978
7.10501 5.13535
5.97827 6.34724
7.10501 5.13535
6.88162 5.32151
7.10501 5.13535
7.07907 6.17145
7.10501 5.13535
7.47337 4.96902
3.03995 0.149846
1.19083 0.0466933
3.03995 0.149846
3.75866 0.926237
3.03995 0.149846
4.26557 0.703757
3.03995 0.149846
4.91897 0.635395
3.03995 0.149846
5.53209 0.142521
3.03995 0.149846
5.43443 0.738853
3.03995 0.149846
2.52724 1.44475
3.03995 0.149846
1.27232 0.657369
3.03995 0.149846
3.05826 1.73925
3.03995 0.149846
2.27088 2.90292
3.03995 0.149846
2.17566 0.659505
3.03995 0.149846
3.1135 1.1063
3.03995 0.149846
2.29438 2.4955
0.914029 3.64452
1.47313 1.65899
0.914029 3.64452
0.089114 3.7788
0.914029 3.64452
1.51555 2.25105
0.914029 3.64452
1.2302 3.67809
0.914029 3.64452
0.975066 6.25172
0.914029 3.64452
0.943937 4.37727
0.914029 3.64452
1.54881 3.26914
0.914029 3.64452
0.793481 0.766015
0.914029 3.64452
1.52654 3.23038
0.914029 3.64452
1.04801 5.05051
0.914029 3.64452
0.559099 6.3921
0.914029 3.64452
1.7658 3.74248
0.914029 3.64452
0.278329 3.29844
0.914029 3.64452
1.4481 6.30177
0.914029 3.64452
0.661641 4.27808
1.47313 1.65899
1.19083 0.0466933
1.47313 1.65899
1.51555 2.25105
1.47313 1.65899
1.2302 3.67809
1.47313 1.65899
1.91351 1.77892
1.47313 1.65899
2.10578 1.15604
1.47313 1.65899
1.27232 0.657369
1.47313 1.65899
0.793481 0.766015
1.47313 1.65899
0.146794 1.26469
1.47313 1.65899
0.278329 3.29844
1.47313 1.65899
0.661641 4.27808
1.47313 1.65899
2.29438 2.4955
9.88525 4.45692
8.37611 7.26493
9.88525 4.45692
9.66613 6.83187
9.88525 4.45692
9.82971 2.978
9.88525 4.45692
8.39442 3.97656
9.88525 4.45692
8.4698 3.16874
9.88525 4.45692
9.55718 6.30848
9.88525 4.45692
8.63247 4.91501
9.88525 4.45692
9.1998 5.51164
9.88525 4.45692
9.5172 6.11988
1.19083 0.0466933
2.66213 2.97281
1.19083 0.0466933
1.51555 2.25105
1.19083 0.0466933
0.0161748 0.610065
1.19083 0.0466933
1.27232 0.657369
1.19083 0.0466933
0.793481 0.766015
1.19083 0.0466933
2.27088 2.90292
1.19083 0.0466933
2.17566 0.659505
0.089114 3.7788
1.04801 5.05051
0.089114 3.7788
0.146794 1.26469
0.089114 3.7788
0.278329 3.29844
0.089114 3.7788
0.661641 4.27808
5.31663 5.71184
6.01764 6.07166
5.31663 5.71184
5.17014 6.62984
5.31663 5.71184
5.77868 5.32579
5.31663 5.71184
5.97827 6.34724
5.31663 5.71184
4.6556 5.01205
5.31663 5.71184
5.45091 4.48256
5.31663 5.71184
3.67565 6.61
5.31663 5.71184
5.26536 6.11103
8.75973 7.26676
9.55901 9.25718
8.75973 7.26676
9.96796 9.99695
8.75973 7.26676
9.49339 9.21384
8.75973 7.26676
9.66613 6.83187
8.75973 7.26676
8.43043 6.26759
8.75973 7.26676
9.11557 6.14704
8.75973 7.26676
8.73348 7.25028
8.75973 7.26676
8.51222 7.44316
8.75973 7.26676
8.9523 7.89636
9.55901 9.25718
9.96796 9.99695
9.55901 9.25718
9.49339 9.21384
9.55901 9.25718
9.66613 6.83187
9.55901 9.25718
6.95761 9.24802
9.55901 9.25718
8.54793 8.28791
9.55901 9.25718
6.67776 9.76531
9.55901 9.25718
8.26685 9.59075
9.55901 9.25718
9.55718 6.30848
9.55901 9.25718
7.21641 8.53969
9.55901 9.25718
8.9523 7.89636
6.01764 6.07166
5.87909 6.91183
6.01764 6.07166
7.35008 6.08966
6.01764 6.07166
5.17014 6.62984
6.01764 6.07166
6.00238 7.47215
6.01764 6.07166
5.77868 5.32579
6.01764 6.07166
6.28071 6.04144
6.01764 6.07166
5.97827 6.34724
6.01764 6.07166
6.04724 6.98508
6.01764 6.07166
7.40745 6.12049
6.01764 6.07166
6.2038 6.91122
6.01764 6.07166
5.45091 4.48256
6.01764 6.07166
7.07907 6.17145
6.01764 6.07166
5.26536 6.11103
4.50789 3.52123
5.19883 3.0195
4.50789 3.52123
4.56099 2.71889
4.50789 3.52123
4.71725 3.74981
4.50789 3.52123
2.86081 3.36314
4.50789 3.52123
4.36689 2.32429
4.50789 3.52123
4.51613 4.66353
4.50789 3.52123
4.08979 2.98746
4.50789 3.52123
5.09262 3.82366
4.50789 3.52123
3.40983 3.19407
4.50789 3.52123
4.92538 3.79131
1.66234 6.63045
1.68981 6.57308
1.66234 6.63045
2.7958 5.68743
1.66234 6.63045
1.9599 7.61315
1.66234 6.63045
1.09928 7.43126
1.66234 6.63045
1.40263 7.33085
1.66234 6.63045
2.27302 7.69066
1.66234 6.63045
0.975066 6.25172
1.66234 6.63045
0.943937 4.37727
1.66234 6.63045
1.84271 7.37907
1.66234 6.63045
0.559099 6.3921
1.66234 6.63045
1.0062 6.23066
1.66234 6.63045
1.31626 7.43278
1.66234 6.63045
1.6892 6.24104
1.66234 6.63045
1.4481 6.30177
1.66234 6.63045
2.84249 7.8811
0.570391 6.07685
1.13773 4.54512
0.570391 6.07685
0.975066 6.25172
0.570391 6.07685
0.943937 4.37727
0.570391 6.07685
1.04801 5.05051
0.570391 6.07685
0.0589007 7.07877
0.570391 6.07685
0.559099 6.3921
0.570391 6.07685
1.0062 6.23066
0.570391 6.07685
0.278329 3.29844
0.570391 6.07685
1.6892 6.24104
0.570391 6.07685
1.4481 6.30177
0.570391 6.07685
0.661641 4.27808
7.83319 8.02606
8.37611 7.26493
7.83319 8.02606
7.79656 8.43654
7.83319 8.02606
6.82241 7.55852
7.83319 8.02606
7.5222 6.86148
7.83319 8.02606
8.3462 7.07999
7.83319 8.02606
8.06238 8.52626
7.83319 8.02606
7.21641 8.53969
7.83319 8.02606
8.02393 8.06879
5.19883 3.0195
4.84939 2.05359
5.19883 3.0195
5.39354 1.42338
5.19883 3.0195
4.62081 2.35328
5.19883 3.0195
5.49547 3.45988
5.19883 3.0195
4.56099 2.71889
5.19883 3.0195
4.71725 3.74981
5.19883 3.0195
5.31327 1.94067
5.19883 3.0195
7.27683 0.432142
5.19883 3.0195
5.09262 3.82366
5.19883 3.0195
5.52812 3.57097
5.19883 3.0195
4.92538 3.79131
5.19883 3.0195
5.73351 3.02286
5.19883 3.0195
5.48051 2.25562
6.11499 3.92438
5.99048 3.85235
6.11499 3.92438
6.99759 5.04807
6.11499 3.92438
6.92892 3.03049
6.11499 3.92438
7.21915 4.75295
6.11499 3.92438
7.32017 4.05591
6.11499 3.92438
5.84613 3.51299
6.11499 3.92438
5.45091 4.48256
6.11499 3.92438
6.88162 5.32151
6.11499 3.92438
6.06281 3.95184
6.11499 3.92438
6.53859 3.22123
6.11499 3.92438
5.73351 3.02286
8.37611 7.26493
8.43043 6.26759
8.37611 7.26493
8.3462 7.07999
8.37611 7.26493
8.73348 7.25028
8.37611 7.26493
8.51222 7.44316
6.77206 0.562151
7.44438 1.0828
6.77206 0.562151
5.72588 0.505081
6.77206 0.562151
5.53209 0.142521
6.77206 0.562151
6.96219 2.90353
6.77206 0.562151
6.28681 1.60192
6.77206 0.562151
7.27683 0.432142
6.77206 0.562151
6.62801 1.14536
4.84939 2.05359
4.91897 0.635395
4.84939 2.05359
4.26222 1.04678
4.84939 2.05359
4.56099 2.71889
4.84939 2.05359
5.31327 1.94067
4.84939 2.05359
4.3672 2.01941
4.84939 2.05359
4.94461 0.803858
4.84939 2.05359
5.48051 2.25562
3.75866 0.926237
4.26557 0.703757
3.75866 0.926237
4.26222 1.04678
3.75866 0.926237
5.53209 0.142521
3.75866 0.926237
4.10718 2.01971
3.75866 0.926237
3.05826 1.73925
3.75866 0.926237
3.1135 1.1063
0.0878933 9.1879
1.47496 9.49583
0.0878933 9.1879
1.41575 9.05118
0.0878933 9.1879
1.09928 7.43126
0.0878933 9.1879
0.274667 9.94629
0.0878933 9.1879
1.08554 8.69045
0.0878933 9.1879
0.0589007 7.07877
0.0878933 9.1879
0.722678 8.75637
0.0878933 9.1879
1.3654 8.5519
9.96796 9.99695
9.49339 9.21384
9.96796 9.99695
8.26685 9.59075
9.96796 9.99695
8.9523 7.89636
8.62239 2.09601
8.40144 0.237434
8.62239 2.09601
7.44438 1.0828
8.62239 2.09601
8.34681 0.350963
8.62239 2.09601
9.82971 2.978
8.62239 2.09601
8.42158 1.23325
8.62239 2.09601
8.4698 3.16874
8.62239 2.09601
6.96219 2.90353
8.62239 2.09601
8.9462 2.90017
8.62239 2.09601
9.31516 0.484329
8.62239 2.09601
8.04529 1.49113
8.62239 2.09601
7.37999 3.13883
8.62239 2.09601
8.63247 4.91501
5.87909 6.91183
5.17014 6.62984
5.87909 6.91183
6.00238 7.47215
5.87909 6.91183
5.77868 5.32579
5.87909 6.91183
5.97827 6.34724
5.87909 6.91183
6.04724 6.98508
5.87909 6.91183
6.67776 9.76531
5.87909 6.91183
5.55132 9.05087
5.87909 6.91183
6.2038 6.91122
5.87909 6.91183
5.76037 8.67733
5.87909 6.91183
6.24775 7.20908
5.87909 6.91183
7.98181 9.00601
5.87909 6.91183
5.26536 6.11103
8.40144 0.237434
8.34681 0.350963
8.40144 0.237434
8.42158 1.23325
8.40144 0.237434
8.4698 3.16874
8.40144 0.237434
6.28681 1.60192
8.40144 0.237434
9.31516 0.484329
8.40144 0.237434
7.27683 0.432142
5.39354 1.42338
6.77206 0.562151
5.39354 1.42338
4.84939 2.05359
5.39354 1.42338
4.26557 0.703757
5.39354 1.42338
4.26222 1.04678
5.39354 1.42338
5.72588 0.505081
5.39354 1.42338
5.31327 1.94067
5.39354 1.42338
5.53209 0.142521
5.39354 1.42338
5.43443 0.738853
5.39354 1.42338
4.3672 2.01941
5.39354 1.42338
6.28681 1.60192
5.39354 1.42338
4.94461 0.803858
5.39354 1.42338
7.27683 0.432142
5.39354 1.42338
5.73351 3.02286
5.39354 1.42338
5.48051 2.25562
4.62081 2.35328
4.84939 2.05359
4.62081 2.35328
2.75887 2.72897
4.62081 2.35328
2.66213 2.97281
4.62081 2.35328
4.26222 1.04678
4.62081 2.35328
4.56099 2.71889
4.62081 2.35328
4.3672 2.01941
4.62081 2.35328
4.36689 2.32429
4.62081 2.35328
4.94461 0.803858
4.62081 2.35328
5.48051 2.25562
7.43736 4.68459
7.35008 6.08966
7.43736 4.68459
7.51549 3.45561
7.43736 4.68459
7.21915 4.75295
7.43736 4.68459
7.32017 4.05591
7.43736 4.68459
8.17194 4.75265
7.43736 4.68459
7.39189 5.67278
7.43736 4.68459
7.40745 6.12049
7.43736 4.68459
7.84967 5.24583
7.43736 4.68459
7.47337 4.96902
7.43736 4.68459
7.43797 6.15223
7.79656 8.43654
8.06238 8.52626
7.79656 8.43654
8.26685 9.59075
7.79656 8.43654
7.21641 8.53969
7.79656 8.43654
8.02393 8.06879
7.79656 8.43654
7.98181 9.00601
2.75887 2.72897
5.72588 0.505081
2.75887 2.72897
2.52724 1.44475
2.75887 2.72897
2.86081 3.36314
2.75887 2.72897
2.42866 1.8894
2.75887 2.72897
3.05826 1.73925
2.75887 2.72897
3.40983 3.19407
2.75887 2.72897
2.27088 2.90292
2.75887 2.72897
3.1135 1.1063
2.75887 2.72897
4.02417 2.537
2.75887 2.72897
2.29438 2.4955
2.66213 2.97281
2.75887 2.72897
2.66213 2.97281
2.52724 1.44475
2.66213 2.97281
2.86081 3.36314
2.66213 2.97281
1.89947 3.35948
2.66213 2.97281
2.42866 1.8894
2.66213 2.97281
3.05826 1.73925
2.66213 2.97281
3.40983 3.19407
2.66213 2.97281
2.27088 2.90292
7.35008 6.08966
7.21915 4.75295
7.35008 6.08966
7.39189 5.67278
7.35008 6.08966
7.5222 6.86148
7.35008 6.08966
5.97827 6.34724
7.35008 6.08966
7.40745 6.12049
7.35008 6.08966
6.2038 6.91122
7.35008 6.08966
7.07907 6.17145
7.35008 6.08966
7.43797 6.15223
5.17106 9.8999
5.009 8.90164
5.17106 9.8999
5.04135 9.63042
5.17106 9.8999
4.57442 9.98016
5.17106 9.8999
6.67776 9.76531
5.17106 9.8999
5.55132 9.05087
5.17106 9.8999
6.09638 9.56114
5.17106 9.8999
4.96811 7.93359
4.57961 9.49156
4.25153 8.02881
4.57961 9.49156
5.17014 6.62984
4.57961 9.49156
5.009 8.90164
4.57961 9.49156
3.14066 9.41069
4.57961 9.49156
5.04135 9.63042
4.57961 9.49156
4.57442 9.98016
4.57961 9.49156
4.96811 7.93359
4.57961 9.49156
3.61126 8.56655
4.26557 0.703757
4.26222 1.04678
4.26557 0.703757
5.53209 0.142521
4.26557 0.703757
4.3672 2.01941
4.26557 0.703757
4.10718 2.01971
4.26557 0.703757
4.94461 0.803858
4.26557 0.703757
3.1135 1.1063
4.91897 0.635395
4.26557 0.703757
4.91897 0.635395
5.31327 1.94067
4.91897 0.635395
5.53209 0.142521
4.91897 0.635395
5.43443 0.738853
4.91897 0.635395
4.10718 2.01971
4.91897 0.635395
4.94461 0.803858
7.51549 3.45561
6.92892 3.03049
7.51549 3.45561
8.2168 5.82049
7.51549 3.45561
7.32017 4.05591
7.51549 3.45561
8.39442 3.97656
7.51549 3.45561
8.4698 3.16874
7.51549 3.45561
8.04529 1.49113
7.51549 3.45561
7.37999 3.13883
7.51549 3.45561
8.64315 5.96881
7.51549 3.45561
7.47337 4.96902
7.51549 3.45561
6.53859 3.22123
7.51549 3.45561
8.08039 1.34709
7.51549 3.45561
7.43797 6.15223
4.25153 8.02881
5.17014 6.62984
4.25153 8.02881
2.7958 5.68743
4.25153 8.02881
5.009 8.90164
4.25153 8.02881
3.80108 7.85363
4.25153 8.02881
3.67565 6.61
4.25153 8.02881
4.96811 7.93359
4.25153 8.02881
3.61126 8.56655
5.72405 3.61339
5.49547 3.45988
5.72405 3.61339
5.65752 3.75134
5.72405 3.61339
5.84613 3.51299
5.72405 3.61339
7.37999 3.13883
5.72405 3.61339
5.45091 4.48256
5.72405 3.61339
5.52812 3.57097
5.72405 3.61339
5.73351 3.02286
1.68981 6.57308
2.7958 5.68743
1.68981 6.57308
1.9599 7.61315
1.68981 6.57308
1.09928 7.43126
1.68981 6.57308
1.40263 7.33085
1.68981 6.57308
2.27302 7.69066
1.68981 6.57308
0.975066 6.25172
1.68981 6.57308
3.15012 5.69201
1.68981 6.57308
1.84271 7.37907
1.68981 6.57308
3.67565 6.61
1.68981 6.57308
1.6892 6.24104
1.68981 6.57308
1.4481 6.30177
1.68981 6.57308
2.84249 7.8811
1.47496 9.49583
1.41575 9.05118
1.47496 9.49583
1.53233 8.77255
1.47496 9.49583
0.274667 9.94629
1.47496 9.49583
1.40263 7.33085
1.47496 9.49583
1.7835 9.95178
1.47496 9.49583
1.08554 8.69045
1.47496 9.49583
0.722678 8.75637
1.47496 9.49583
1.31626 7.43278
1.47496 9.49583
2.28492 8.63582
1.51555 2.25105
1.2302 3.67809
1.51555 2.25105
1.91351 1.77892
1.51555 2.25105
1.89947 3.35948
1.51555 2.25105
1.27232 0.657369
1.51555 2.25105
1.54881 3.26914
1.51555 2.25105
1.52654 3.23038
1.51555 2.25105
2.27088 2.90292
1.51555 2.25105
0.146794 1.26469
1.51555 2.25105
0.278329 3.29844
1.51555 2.25105
2.29438 2.4955
7.44438 1.0828
7.51549 3.45561
7.44438 1.0828
6.92892 3.03049
7.44438 1.0828
8.34681 0.350963
7.44438 1.0828
6.57613 1.97851
7.44438 1.0828
8.42158 1.23325
7.44438 1.0828
6.96219 2.90353
7.44438 1.0828
7.27683 0.432142
7.44438 1.0828
8.04529 1.49113
7.44438 1.0828
7.37999 3.13883
7.44438 1.0828
6.62801 1.14536
7.44438 1.0828
8.08039 1.34709
5.99048 3.85235
7.51549 3.45561
5.99048 3.85235
5.72405 3.61339
5.99048 3.85235
6.92892 3.03049
5.99048 3.85235
5.65752 3.75134
5.99048 3.85235
5.84613 3.51299
5.99048 3.85235
6.62801 1.14536
5.99048 3.85235
6.06281 3.95184
5.99048 3.85235
5.73351 3.02286
6.99759 5.04807
7.21915 4.75295
6.99759 5.04807
7.32017 4.05591
6.99759 5.04807
7.37999 3.13883
6.99759 5.04807
6.88162 5.32151
6.99759 5.04807
6.06281 3.95184
6.99759 5.04807
7.43797 6.15223
1.41575 9.05118
1.53233 8.77255
1.41575 9.05118
1.40263 7.33085
1.41575 9.05118
2.27302 7.69066
1.41575 9.05118
1.7835 9.95178
1.41575 9.05118
1.08554 8.69045
1.41575 9.05118
0.722678 8.75637
1.41575 9.05118
1.31626 7.43278
1.41575 9.05118
2.84249 7.8811
1.41575 9.05118
2.28492 8.63582
1.41575 9.05118
1.3654 8.5519
6.92892 3.03049
7.32017 4.05591
6.92892 3.03049
6.57613 1.97851
6.92892 3.03049
6.96219 2.90353
6.92892 3.03049
7.37999 3.13883
6.92892 3.03049
6.06281 3.95184
6.92892 3.03049
6.53859 3.22123
6.92892 3.03049
5.73351 3.02286
7.21915 4.75295
6.06281 3.95184
7.21915 4.75295
7.47337 4.96902
8.2168 5.82049
8.17194 4.75265
8.2168 5.82049
7.39189 5.67278
8.2168 5.82049
8.43043 6.26759
8.2168 5.82049
7.5222 6.86148
8.2168 5.82049
8.3462 7.07999
8.2168 5.82049
7.84967 5.24583
8.2168 5.82049
8.63247 4.91501
8.2168 5.82049
8.64315 5.96881
8.2168 5.82049
9.1998 5.51164
8.2168 5.82049
7.43797 6.15223
1.53233 8.77255
1.9599 7.61315
1.53233 8.77255
1.7835 9.95178
1.53233 8.77255
1.08554 8.69045
1.53233 8.77255
1.31626 8.47072
1.53233 8.77255
4.96811 7.93359
1.53233 8.77255
1.31626 7.43278
1.53233 8.77255
2.28492 8.63582
1.53233 8.77255
1.3654 8.5519
6.82241 7.55852
6.00238 7.47215
6.82241 7.55852
7.5222 6.86148
6.82241 7.55852
6.95761 9.24802
6.82241 7.55852
5.97827 6.34724
6.82241 7.55852
6.67776 9.76531
6.82241 7.55852
6.2038 6.91122
6.82241 7.55852
6.24775 7.20908
6.82241 7.55852
6.4098 8.20002
6.82241 7.55852
7.21641 8.53969
6.82241 7.55852
9.1998 5.51164
1.2302 3.67809
1.13773 4.54512
1.2302 3.67809
0.943937 4.37727
1.2302 3.67809
1.54881 3.26914
1.2302 3.67809
1.52654 3.23038
1.2302 3.67809
1.04801 5.05051
1.2302 3.67809
1.7658 3.74248
1.2302 3.67809
0.278329 3.29844
1.2302 3.67809
1.6892 6.24104
8.34681 0.350963
8.42158 1.23325
8.34681 0.350963
9.31516 0.484329
8.34681 0.350963
7.27683 0.432142
8.34681 0.350963
8.08039 1.34709
5.17014 6.62984
6.00238 7.47215
5.17014 6.62984
5.77868 5.32579
5.17014 6.62984
5.04135 9.63042
5.17014 6.62984
5.97827 6.34724
5.17014 6.62984
6.04724 6.98508
5.17014 6.62984
4.6556 5.01205
5.17014 6.62984
5.45091 4.48256
5.17014 6.62984
5.09262 3.82366
5.17014 6.62984
3.80108 7.85363
5.17014 6.62984
3.67565 6.61
5.17014 6.62984
4.96811 7.93359
5.17014 6.62984
5.26536 6.11103
4.26222 1.04678
5.31327 1.94067
4.26222 1.04678
5.43443 0.738853
4.26222 1.04678
4.3672 2.01941
4.26222 1.04678
4.10718 2.01971
4.26222 1.04678
4.94461 0.803858
4.26222 1.04678
3.1135 1.1063
4.26222 1.04678
4.02417 2.537
9.49339 9.21384
8.06238 8.52626
9.49339 9.21384
8.54793 8.28791
9.49339 9.21384
8.26685 9.59075
9.49339 9.21384
9.55718 6.30848
9.49339 9.21384
8.9523 7.89636
5.49547 3.45988
5.84613 3.51299
5.49547 3.45988
5.45091 4.48256
5.49547 3.45988
5.09262 3.82366
5.49547 3.45988
6.06281 3.95184
5.49547 3.45988
5.52812 3.57097
5.49547 3.45988
4.92538 3.79131
5.49547 3.45988
5.73351 3.02286
5.49547 3.45988
5.48051 2.25562
7.32017 4.05591
7.21915 4.75295
7.32017 4.05591
7.39189 5.67278
7.32017 4.05591
8.39442 3.97656
7.32017 4.05591
8.4698 3.16874
7.32017 4.05591
7.37999 3.13883
7.32017 4.05591
7.84967 5.24583
7.32017 4.05591
6.88162 5.32151
7.32017 4.05591
6.06281 3.95184
7.32017 4.05591
6.53859 3.22123
7.32017 4.05591
8.08039 1.34709
2.7958 5.68743
1.2302 3.67809
2.7958 5.68743
1.13773 4.54512
2.7958 5.68743
2.86081 3.36314
2.7958 5.68743
2.27302 7.69066
2.7958 5.68743
4.51613 4.66353
2.7958 5.68743
3.15012 5.69201
2.7958 5.68743
1.84271 7.37907
2.7958 5.68743
3.67565 6.61
2.7958 5.68743
1.7658 3.74248
2.7958 5.68743
1.6892 6.24104
9.66613 6.83187
9.49339 9.21384
9.66613 6.83187
9.11557 6.14704
9.66613 6.83187
8.73348 7.25028
9.66613 6.83187
8.51222 7.44316
9.66613 6.83187
9.55718 6.30848
9.66613 6.83187
9.5172 6.11988
9.66613 6.83187
8.9523 7.89636
1.55553 5.03922
2.7958 5.68743
1.55553 5.03922
1.13773 4.54512
1.55553 5.03922
2.86081 3.36314
1.55553 5.03922
0.975066 6.25172
1.55553 5.03922
1.89947 3.35948
1.55553 5.03922
3.15012 5.69201
1.55553 5.03922
1.84271 7.37907
1.55553 5.03922
1.54881 3.26914
1.55553 5.03922
1.04801 5.05051
1.55553 5.03922
1.0062 6.23066
1.55553 5.03922
1.7658 3.74248
1.55553 5.03922
0.278329 3.29844
1.55553 5.03922
1.6892 6.24104
1.55553 5.03922
1.4481 6.30177
1.91351 1.77892
2.52724 1.44475
1.91351 1.77892
2.10578 1.15604
1.91351 1.77892
2.42866 1.8894
1.91351 1.77892
1.52654 3.23038
1.91351 1.77892
2.27088 2.90292
1.91351 1.77892
2.17566 0.659505
1.91351 1.77892
2.29438 2.4955
8.17194 4.75265
7.32017 4.05591
8.17194 4.75265
8.39442 3.97656
8.17194 4.75265
9.11557 6.14704
8.17194 4.75265
7.40745 6.12049
8.17194 4.75265
7.84967 5.24583
8.17194 4.75265
8.63247 4.91501
8.17194 4.75265
7.47337 4.96902
8.17194 4.75265
7.43797 6.15223
7.39189 5.67278
6.96219 2.90353
7.39189 5.67278
7.5222 6.86148
7.39189 5.67278
7.40745 6.12049
7.39189 5.67278
6.2038 6.91122
7.39189 5.67278
7.37999 3.13883
7.39189 5.67278
7.84967 5.24583
7.39189 5.67278
6.88162 5.32151
7.39189 5.67278
7.07907 6.17145
7.39189 5.67278
6.06281 3.95184
7.39189 5.67278
7.47337 4.96902
7.39189 5.67278
7.43797 6.15223
1.9599 7.61315
1.09928 7.43126
1.9599 7.61315
1.40263 7.33085
1.9599 7.61315
2.27302 7.69066
1.9599 7.61315
1.84271 7.37907
1.9599 7.61315
1.31626 8.47072
1.9599 7.61315
1.31626 7.43278
1.9599 7.61315
1.6892 6.24104
1.9599 7.61315
2.84249 7.8811
1.09928 7.43126
1.40263 7.33085
1.09928 7.43126
1.13773 4.54512
1.09928 7.43126
0.975066 6.25172
1.09928 7.43126
1.08554 8.69045
1.09928 7.43126
0.0589007 7.07877
1.09928 7.43126
0.722678 8.75637
1.09928 7.43126
0.559099 6.3921
1.09928 7.43126
1.31626 8.47072
1.09928 7.43126
1.0062 6.23066
1.09928 7.43126
1.31626 7.43278
1.09928 7.43126
1.4481 6.30177
1.09928 7.43126
1.3654 8.5519
4.56099 2.71889
4.36689 2.32429
4.56099 2.71889
4.08979 2.98746
4.56099 2.71889
4.02417 2.537
4.71725 3.74981
4.56099 2.71889
4.71725 3.74981
2.86081 3.36314
4.71725 3.74981
4.51613 4.66353
4.71725 3.74981
4.6556 5.01205
4.71725 3.74981
5.09262 3.82366
4.71725 3.74981
3.40983 3.19407
4.71725 3.74981
3.67565 6.61
4.71725 3.74981
4.92538 3.79131
5.009 8.90164
5.04135 9.63042
5.009 8.90164
5.55132 9.05087
5.009 8.90164
5.76037 8.67733
5.009 8.90164
4.96811 7.93359
5.009 8.90164
3.61126 8.56655
3.14066 9.41069
6.00238 7.47215
3.14066 9.41069
1.7835 9.95178
3.14066 9.41069
4.57442 9.98016
3.14066 9.41069
3.00058 9.43999
3.14066 9.41069
3.67565 6.61
3.14066 9.41069
2.84249 7.8811
3.14066 9.41069
3.61126 8.56655
3.14066 9.41069
2.28492 8.63582
5.72588 0.505081
5.31327 1.94067
5.72588 0.505081
5.53209 0.142521
5.72588 0.505081
5.43443 0.738853
5.72588 0.505081
6.28681 1.60192
5.72588 0.505081
7.27683 0.432142
5.72588 0.505081
6.62801 1.14536
5.72588 0.505081
8.08039 1.34709
9.82971 2.978
8.39442 3.97656
9.82971 2.978
8.42158 1.23325
9.82971 2.978
8.9462 2.90017
9.82971 2.978
9.31516 0.484329
9.82971 2.978
8.64315 5.96881
9.82971 2.978
9.1998 5.51164
8.43043 6.26759
7.5222 6.86148
8.43043 6.26759
8.3462 7.07999
8.43043 6.26759
9.11557 6.14704
8.43043 6.26759
8.73348 7.25028
8.43043 6.26759
8.51222 7.44316
8.43043 6.26759
9.55718 6.30848
8.43043 6.26759
8.64315 5.96881
8.43043 6.26759
9.5172 6.11988
8.43043 6.26759
7.43797 6.15223
6.57613 1.97851
6.96219 2.90353
6.57613 1.97851
6.28681 1.60192
6.57613 1.97851
8.04529 1.49113
6.57613 1.97851
7.37999 3.13883
6.57613 1.97851
6.62801 1.14536
6.57613 1.97851
6.53859 3.22123
6.57613 1.97851
5.73351 3.02286
6.57613 1.97851
5.48051 2.25562
8.39442 3.97656
6.57613 1.97851
8.39442 3.97656
8.9462 2.90017
8.39442 3.97656
7.84967 5.24583
8.39442 3.97656
8.63247 4.91501
8.39442 3.97656
9.1998 5.51164
0.274667 9.94629
1.7835 9.95178
0.274667 9.94629
0.0589007 7.07877
0.274667 9.94629
0.722678 8.75637
0.274667 9.94629
1.3654 8.5519
8.42158 1.23325
8.9462 2.90017
8.42158 1.23325
9.31516 0.484329
8.42158 1.23325
8.04529 1.49113
8.42158 1.23325
6.62801 1.14536
8.42158 1.23325
8.08039 1.34709
5.31327 1.94067
5.43443 0.738853
5.31327 1.94067
4.3672 2.01941
5.31327 1.94067
6.28681 1.60192
5.31327 1.94067
4.10718 2.01971
5.31327 1.94067
5.73351 3.02286
5.31327 1.94067
5.48051 2.25562
8.4698 3.16874
9.82971 2.978
8.4698 3.16874
8.39442 3.97656
8.4698 3.16874
8.42158 1.23325
8.4698 3.16874
6.96219 2.90353
8.4698 3.16874
8.9462 2.90017
8.4698 3.16874
7.27683 0.432142
8.4698 3.16874
8.04529 1.49113
8.4698 3.16874
7.37999 3.13883
8.4698 3.16874
8.63247 4.91501
8.4698 3.16874
8.64315 5.96881
8.4698 3.16874
9.1998 5.51164
5.53209 0.142521
5.43443 0.738853
5.53209 0.142521
4.36689 2.32429
5.53209 0.142521
7.27683 0.432142
6.00238 7.47215
5.97827 6.34724
6.00238 7.47215
6.04724 6.98508
6.00238 7.47215
6.67776 9.76531
6.00238 7.47215
5.55132 9.05087
6.00238 7.47215
5.76037 8.67733
6.00238 7.47215
6.24775 7.20908
6.00238 7.47215
6.4098 8.20002
6.00238 7.47215
7.07907 6.17145
6.00238 7.47215
6.09638 9.56114
6.00238 7.47215
4.96811 7.93359
6.96219 2.90353
7.27683 0.432142
6.96219 2.90353
8.04529 1.49113
6.96219 2.90353
7.37999 3.13883
6.96219 2.90353
7.84967 5.24583
6.96219 2.90353
6.88162 5.32151
6.96219 2.90353
6.62801 1.14536
6.96219 2.90353
6.53859 3.22123
6.96219 2.90353
5.73351 3.02286
5.43443 0.738853
6.28681 1.60192
5.43443 0.738853
4.94461 0.803858
5.43443 0.738853
5.48051 2.25562
1.40263 7.33085
0.975066 6.25172
1.40263 7.33085
1.84271 7.37907
1.40263 7.33085
1.31626 7.43278
1.40263 7.33085
1.4481 6.30177
1.40263 7.33085
2.28492 8.63582
1.40263 7.33085
1.3654 8.5519
0.0161748 0.610065
1.27232 0.657369
0.0161748 0.610065
0.793481 0.766015
0.0161748 0.610065
0.146794 1.26469
0.0161748 0.610065
0.278329 3.29844
1.13773 4.54512
0.943937 4.37727
1.13773 4.54512
3.15012 5.69201
1.13773 4.54512
1.52654 3.23038
1.13773 4.54512
1.04801 5.05051
1.13773 4.54512
0.0589007 7.07877
1.13773 4.54512
1.0062 6.23066
1.13773 4.54512
1.7658 3.74248
1.13773 4.54512
0.661641 4.27808
2.52724 1.44475
0.0161748 0.610065
2.52724 1.44475
2.10578 1.15604
2.52724 1.44475
2.42866 1.8894
2.52724 1.44475
4.08979 2.98746
2.52724 1.44475
3.05826 1.73925
2.52724 1.44475
2.27088 2.90292
2.52724 1.44475
2.17566 0.659505
2.52724 1.44475
3.1135 1.1063
2.10578 1.15604
1.27232 0.657369
2.10578 1.15604
2.17566 0.659505
2.10578 1.15604
3.1135 1.1063
2.10578 1.15604
2.29438 2.4955
7.5222 6.86148
6.28071 6.04144
7.5222 6.86148
7.40745 6.12049
7.5222 6.86148
6.24775 7.20908
7.5222 6.86148
7.07907 6.17145
7.5222 6.86148
8.64315 5.96881
7.5222 6.86148
7.43797 6.15223
4.3672 2.01941
4.36689 2.32429
4.3672 2.01941
4.10718 2.01971
5.77868 5.32579
6.28071 6.04144
5.77868 5.32579
5.97827 6.34724
5.77868 5.32579
5.65752 3.75134
5.77868 5.32579
4.6556 5.01205
5.77868 5.32579
5.45091 4.48256
5.77868 5.32579
6.88162 5.32151
5.77868 5.32579
6.06281 3.95184
2.86081 3.36314
4.36689 2.32429
2.86081 3.36314
1.89947 3.35948
2.86081 3.36314
4.51613 4.66353
2.86081 3.36314
3.15012 5.69201
2.86081 3.36314
4.08979 2.98746
2.86081 3.36314
3.40983 3.19407
2.86081 3.36314
2.27088 2.90292
2.86081 3.36314
1.7658 3.74248
8.3462 7.07999
7.5222 6.86148
8.3462 7.07999
7.40745 6.12049
8.3462 7.07999
8.73348 7.25028
8.3462 7.07999
8.51222 7.44316
8.3462 7.07999
7.21641 8.53969
8.3462 7.07999
9.5172 6.11988
8.3462 7.07999
8.02393 8.06879
4.36689 2.32429
4.10718 2.01971
4.36689 2.32429
4.08979 2.98746
4.36689 2.32429
4.02417 2.537
8.06238 8.52626
8.54793 8.28791
8.06238 8.52626
8.26685 9.59075
8.06238 8.52626
8.51222 7.44316
8.06238 8.52626
7.21641 8.53969
8.06238 8.52626
8.02393 8.06879
8.06238 8.52626
7.98181 9.00601
6.28681 1.60192
6.62801 1.14536
6.28681 1.60192
5.48051 2.25562
5.04135 9.63042
4.57442 9.98016
5.04135 9.63042
5.55132 9.05087
5.04135 9.63042
6.09638 9.56114
5.04135 9.63042
4.96811 7.93359
5.04135 9.63042
3.61126 8.56655
2.27302 7.69066
1.84271 7.37907
2.27302 7.69066
3.80108 7.85363
2.27302 7.69066
3.67565 6.61
2.27302 7.69066
2.84249 7.8811
2.27302 7.69066
2.28492 8.63582
2.27302 7.69066
1.3654 8.5519
6.95761 9.24802
6.67776 9.76531
6.95761 9.24802
5.76037 8.67733
6.95761 9.24802
8.26685 9.59075
6.95761 9.24802
6.4098 8.20002
6.95761 9.24802
7.21641 8.53969
6.95761 9.24802
6.09638 9.56114
6.95761 9.24802
7.98181 9.00601
0.975066 6.25172
0.943937 4.37727
0.975066 6.25172
1.04801 5.05051
0.975066 6.25172
0.559099 6.3921
0.975066 6.25172
1.0062 6.23066
0.975066 6.25172
1.4481 6.30177
0.975066 6.25172
0.661641 4.27808
1.89947 3.35948
1.54881 3.26914
1.89947 3.35948
1.52654 3.23038
1.89947 3.35948
2.27088 2.90292
1.89947 3.35948
1.7658 3.74248
1.89947 3.35948
2.29438 2.4955
6.28071 6.04144
5.97827 6.34724
6.28071 6.04144
7.40745 6.12049
6.28071 6.04144
6.2038 6.91122
6.28071 6.04144
6.24775 7.20908
6.28071 6.04144
6.88162 5.32151
6.28071 6.04144
7.07907 6.17145
6.28071 6.04144
7.47337 4.96902
4.51613 4.66353
5.65752 3.75134
4.51613 4.66353
3.15012 5.69201
4.51613 4.66353
4.6556 5.01205
4.51613 4.66353
5.45091 4.48256
4.51613 4.66353
3.67565 6.61
4.51613 4.66353
4.92538 3.79131
1.7835 9.95178
4.57442 9.98016
1.7835 9.95178
1.84271 7.37907
1.7835 9.95178
3.00058 9.43999
1.7835 9.95178
0.722678 8.75637
1.7835 9.95178
2.28492 8.63582
1.7835 9.95178
1.3654 8.5519
8.9462 2.90017
8.04529 1.49113
8.9462 2.90017
7.37999 3.13883
8.9462 2.90017
9.1998 5.51164
5.97827 6.34724
6.04724 6.98508
5.97827 6.34724
6.2038 6.91122
5.97827 6.34724
7.07907 6.17145
5.97827 6.34724
5.26536 6.11103
0.943937 4.37727
1.54881 3.26914
0.943937 4.37727
4.08979 2.98746
0.943937 4.37727
1.04801 5.05051
0.943937 4.37727
1.4481 6.30177
0.943937 4.37727
0.661641 4.27808
9.31516 0.484329
8.9462 2.90017
4.10718 2.01971
4.08979 2.98746
4.10718 2.01971
3.05826 1.73925
4.10718 2.01971
3.40983 3.19407
4.10718 2.01971
3.1135 1.1063
4.10718 2.01971
4.02417 2.537
8.54793 8.28791
8.26685 9.59075
8.54793 8.28791
8.73348 7.25028
8.54793 8.28791
8.51222 7.44316
8.54793 8.28791
8.02393 8.06879
8.54793 8.28791
7.98181 9.00601
8.54793 8.28791
8.9523 7.89636
4.57442 9.98016
6.67776 9.76531
4.57442 9.98016
5.55132 9.05087
4.57442 9.98016
3.61126 8.56655
5.65752 3.75134
5.84613 3.51299
5.65752 3.75134
5.45091 4.48256
5.65752 3.75134
5.09262 3.82366
5.65752 3.75134
6.06281 3.95184
5.65752 3.75134
5.52812 3.57097
5.65752 3.75134
5.73351 3.02286
9.11557 6.14704
8.73348 7.25028
9.11557 6.14704
9.55718 6.30848
9.11557 6.14704
8.64315 5.96881
9.11557 6.14704
9.1998 5.51164
9.11557 6.14704
9.5172 6.11988
6.04724 6.98508
6.2038 6.91122
6.04724 6.98508
5.76037 8.67733
6.04724 6.98508
6.09638 9.56114
2.42866 1.8894
1.52654 3.23038
2.42866 1.8894
3.05826 1.73925
2.42866 1.8894
2.17566 0.659505
2.42866 1.8894
2.29438 2.4955
7.40745 6.12049
6.2038 6.91122
7.40745 6.12049
7.07907 6.17145
7.40745 6.12049
8.63247 4.91501
7.40745 6.12049
7.43797 6.15223
7.27683 0.432142
5.48051 2.25562
6.67776 9.76531
8.26685 9.59075
6.67776 9.76531
6.4098 8.20002
6.67776 9.76531
7.21641 8.53969
6.67776 9.76531
6.09638 9.56114
8.04529 1.49113
7.37999 3.13883
8.04529 1.49113
6.62801 1.14536
8.04529 1.49113
8.08039 1.34709
3.15012 5.69201
4.6556 5.01205
3.15012 5.69201
3.40983 3.19407
3.15012 5.69201
3.67565 6.61
3.15012 5.69201
1.6892 6.24104
5.55132 9.05087
6.04724 6.98508
5.55132 9.05087
5.76037 8.67733
5.55132 9.05087
6.4098 8.20002
5.55132 9.05087
6.09638 9.56114
5.55132 9.05087
4.96811 7.93359
6.2038 6.91122
6.4098 8.20002
6.2038 6.91122
7.07907 6.17145
6.2038 6.91122
7.43797 6.15223
5.76037 8.67733
6.67776 9.76531
5.76037 8.67733
6.4098 8.20002
5.76037 8.67733
6.09638 9.56114
5.76037 8.67733
4.96811 7.93359
1.84271 7.37907
3.67565 6.61
1.84271 7.37907
1.31626 8.47072
1.84271 7.37907
1.31626 7.43278
1.84271 7.37907
1.6892 6.24104
1.84271 7.37907
2.84249 7.8811
6.24775 7.20908
6.04724 6.98508
6.24775 7.20908
6.2038 6.91122
6.24775 7.20908
6.4098 8.20002
6.24775 7.20908
7.07907 6.17145
5.84613 3.51299
5.45091 4.48256
5.84613 3.51299
6.06281 3.95184
5.84613 3.51299
5.52812 3.57097
5.84613 3.51299
6.53859 3.22123
5.84613 3.51299
5.73351 3.02286
8.26685 9.59075
8.02393 8.06879
8.26685 9.59075
7.98181 9.00601
8.73348 7.25028
9.1998 5.51164
3.00058 9.43999
0.0589007 7.07877
3.00058 9.43999
2.84249 7.8811
3.00058 9.43999
3.61126 8.56655
3.00058 9.43999
2.28492 8.63582
4.6556 5.01205
3.67565 6.61
4.6556 5.01205
4.92538 3.79131
4.6556 5.01205
5.26536 6.11103
7.37999 3.13883
6.62801 1.14536
7.37999 3.13883
7.47337 4.96902
7.37999 3.13883
6.53859 3.22123
7.37999 3.13883
5.73351 3.02286
7.37999 3.13883
8.08039 1.34709
1.27232 0.657369
2.27088 2.90292
1.27232 0.657369
0.146794 1.26469
1.27232 0.657369
2.17566 0.659505
1.27232 0.657369
4.02417 2.537
7.84967 5.24583
7.07907 6.17145
7.84967 5.24583
8.63247 4.91501
7.84967 5.24583
8.64315 5.96881
7.84967 5.24583
7.47337 4.96902
8.51222 7.44316
8.73348 7.25028
8.51222 7.44316
9.1998 5.51164
8.51222 7.44316
8.02393 8.06879
8.51222 7.44316
8.9523 7.89636
8.51222 7.44316
7.43797 6.15223
1.54881 3.26914
0.793481 0.766015
1.54881 3.26914
1.52654 3.23038
1.54881 3.26914
2.27088 2.90292
1.54881 3.26914
1.7658 3.74248
1.54881 3.26914
2.29438 2.4955
4.08979 2.98746
3.40983 3.19407
4.08979 2.98746
4.02417 2.537
0.793481 0.766015
1.27232 0.657369
0.793481 0.766015
2.27088 2.90292
0.793481 0.766015
0.146794 1.26469
0.793481 0.766015
2.29438 2.4955
5.45091 4.48256
4.6556 5.01205
5.45091 4.48256
5.09262 3.82366
5.45091 4.48256
6.06281 3.95184
5.45091 4.48256
5.52812 3.57097
5.45091 4.48256
4.92538 3.79131
5.45091 4.48256
5.26536 6.11103
1.52654 3.23038
1.27232 0.657369
1.52654 3.23038
2.27088 2.90292
1.52654 3.23038
1.7658 3.74248
1.52654 3.23038
0.278329 3.29844
1.52654 3.23038
2.29438 2.4955
3.05826 1.73925
3.40983 3.19407
3.05826 1.73925
3.1135 1.1063
3.05826 1.73925
4.02417 2.537
1.08554 8.69045
0.722678 8.75637
1.08554 8.69045
1.31626 8.47072
1.08554 8.69045
1.3654 8.5519
6.4098 8.20002
7.21641 8.53969
6.4098 8.20002
6.09638 9.56114
6.88162 5.32151
7.07907 6.17145
6.88162 5.32151
7.47337 4.96902
5.09262 3.82366
5.52812 3.57097
3.80108 7.85363
3.67565 6.61
3.80108 7.85363
1.31626 8.47072
3.80108 7.85363
2.84249 7.8811
3.80108 7.85363
3.61126 8.56655
9.55718 6.30848
9.5172 6.11988
9.55718 6.30848
8.9523 7.89636
7.21641 8.53969
7.98181 9.00601
7.07907 6.17145
7.43797 6.15223
1.04801 5.05051
1.0062 6.23066
1.04801 5.05051
1.6892 6.24104
1.04801 5.05051
1.4481 6.30177
1.04801 5.05051
0.661641 4.27808
8.63247 4.91501
8.64315 5.96881
3.40983 3.19407
4.02417 2.537
3.67565 6.61
2.84249 7.8811
3.67565 6.61
5.26536 6.11103
2.27088 2.90292
1.7658 3.74248
2.27088 2.90292
2.29438 2.4955
0.0589007 7.07877
0.559099 6.3921
0.0589007 7.07877
2.28492 8.63582
9.1998 5.51164
9.55718 6.30848
9.1998 5.51164
8.63247 4.91501
9.1998 5.51164
8.64315 5.96881
9.1998 5.51164
9.5172 6.11988
6.09638 9.56114
7.21641 8.53969
0.722678 8.75637
0.0589007 7.07877
0.722678 8.75637
0.559099 6.3921
0.722678 8.75637
1.31626 8.47072
0.559099 6.3921
1.4481 6.30177
0.559099 6.3921
0.661641 4.27808
1.31626 8.47072
1.3654 8.5519
2.17566 0.659505
3.1135 1.1063
6.06281 3.95184
5.73351 3.02286
4.96811 7.93359
3.80108 7.85363
1.0062 6.23066
1.6892 6.24104
1.0062 6.23066
1.4481 6.30177
1.31626 7.43278
1.31626 8.47072
1.31626 7.43278
1.4481 6.30177
1.31626 7.43278
1.3654 8.5519
9.5172 6.11988
8.9523 7.89636
5.52812 3.57097
5.73351 3.02286
5.52812 3.57097
5.48051 2.25562
4.92538 3.79131
5.09262 3.82366
4.92538 3.79131
5.52812 3.57097
7.47337 4.96902
7.07907 6.17145
7.47337 4.96902
7.43797 6.15223
6.53859 3.22123
5.73351 3.02286
1.7658 3.74248
3.40983 3.19407
0.278329 3.29844
0.146794 1.26469
0.278329 3.29844
0.661641 4.27808
1.6892 6.24104
1.4481 6.30177
5.73351 3.02286
8.08039 1.34709
5.73351 3.02286
5.48051 2.25562
8.02393 8.06879
7.98181 9.00601
2.84249 7.8811
3.61126 8.56655
2.84249 7.8811
2.28492 8.63582
3.61126 8.56655
2.28492 8.63582

Region history
5 5
5.80007 4.73319
6.12902 4.61731
6.36959 4.61412
6.49069 4.74037
6.63585 4.9239
6.76239 5.06778
6.91494 5.27769
6.96143 5.37785
7.01306 5.44521
7.07855 5.50144
7.11958 5.48732
