4 2 3 13
6 3 3 42
8 4 3 68
10 5 3 90
12 6 3 132
14 7 3 167
16 8 4 215
18 9 4 262
20 10 4 296
22 11 4 330
24 12 7 511
26 13 4 403
28 14 4 424
30 15 4 464
32 16 4 525
34 17 9 550
36 18 4 593
38 19 8 1061
40 20 6 887
42 21 9 1004
44 22 6 977
46 23 9 1111
48 24 6 731
50 25 10 927
52 26 6 1201
54 27 42 822
56 28 6 1273
58 29 8 1158
60 30 9 1468
62 31 6 1407
64 32 42 931
66 33 7 1809
68 34 11 1420
70 35 6 1177
72 36 6 1747
74 37 6 1693
76 38 10 1695
78 39 9 2084
80 40 6 1837
82 41 6 1316
84 42 6 2066
86 43 6 1921
88 44 3 1247
90 45 15 1344
92 46 6 2125
94 47 6 2201
96 48 69 1406
98 49 6 2269
100 50 48 1561
102 51 13 3131
104 52 3 1487
106 53 6 2523
108 54 8 1539
110 55 6 2744
112 56 48 1883
114 57 9 3156
116 58 9 3862
118 59 6 2973
120 60 7 3306
122 61 9 3353
124 62 10 4079
126 63 9 3479
128 64 6 3075
130 65 9 3531
132 66 9 3768
134 67 9 3723
136 68 6 2425
138 69 8 2876
140 70 6 3383
142 71 9 3968
144 72 54 2475
146 73 7 3693
148 74 7 3963
150 75 34 2956
152 76 8 4496
154 77 8 4762
156 78 63 2707
158 79 8 4731
160 80 3 2303
162 81 28 4227
164 82 3 2367
166 83 76 2615
168 84 3 2415
170 85 11 6157
172 86 10 6613
174 87 9 4836
176 88 10 4833
178 89 6 4234
180 90 7 4758
182 91 6 4287
184 92 7 5255
186 93 10 6815
188 94 13 5629
190 95 6 4825
192 96 6 4848
194 97 9 5412
196 98 9 5503
198 99 10 8045
200 100 9 6914
202 101 6 4792
204 102 6 3281
206 103 6 4862
208 104 12 9300
210 105 9 6010
212 106 9 6010
214 107 6 5410
216 108 22 3586
218 109 10 8494
220 110 13 9414
222 111 9 6151
224 112 14 12307
226 113 7 6297
228 114 6 5739
230 115 13 10445
232 116 6 5784
234 117 9 6758
236 118 6 5583
238 119 12 10842
240 120 9 6909
242 121 6 5727
244 122 11 10661
246 123 10 7447
248 124 11 6517
250 125 17 4862
252 126 6 4061
254 127 10 7460
256 128 12 10180
258 129 8 4528
260 130 10 10178
262 131 7 7070
264 132 14 14543
266 133 14 7703
268 134 11 11591
270 135 10 7696
272 136 9 8067
274 137 9 8006
276 138 8 8323
278 139 9 7864
280 140 6 6660
282 141 9 8192
284 142 14 11292
286 143 6 6901
288 144 9 8444
290 145 8 7598
292 146 6 7279
294 147 9 8522
296 148 9 8362
298 149 6 7725
300 150 11 12871
302 151 10 10556
304 152 9 8804
306 153 10 11019
308 154 9 9127
310 155 9 8839
312 156 9 8796
314 157 8 9696
316 158 6 8208
318 159 9 9088
320 160 7 8791
322 161 7 8979
324 162 13 15711
326 163 9 9122
328 164 6 8020
330 165 6 8300
332 166 9 9422
334 167 6 8155
336 168 14 12900
338 169 6 8344
340 170 8 11149
342 171 79 5497
344 172 9 10084
346 173 9 10299
348 174 8 8328
350 175 6 8318
352 176 11 15441
354 177 8 10731
356 178 11 15995
358 179 10 7323
360 180 13 17265
362 181 6 9401
364 182 7 9918
366 183 9 10774
368 184 10 13446
370 185 10 11742
372 186 12 13237
374 187 12 15962
376 188 6 8612
378 189 9 11015
380 190 10 15478
382 191 8 7467
384 192 10 12515
386 193 9 11236
388 194 79 7571
390 195 10 15431
392 196 13 19401
394 197 10 15733
396 198 13 8879
398 199 8 13352
400 200 12 11608
402 201 11 17618
404 202 9 11866
406 203 8 8604
408 204 14 22428
410 205 6 9758
412 206 6 9476
414 207 8 9803
416 208 13 19100
418 209 10 11876
420 210 10 13213
422 211 10 13402
424 212 12 20921
426 213 11 18292
428 214 6 10191
430 215 12 14337
432 216 9 12422
434 217 12 16826
436 218 6 7715
438 219 6 8744
440 220 11 19133
442 221 12 12412
444 222 7 11452
446 223 6 10622
448 224 10 17321
450 225 9 12997
452 226 6 10767
454 227 10 17705
456 228 12 8229
458 229 6 10910
460 230 14 15417
462 231 8 8195
464 232 9 13336
466 233 11 20149
468 234 73 7697
470 235 10 18244
472 236 10 13582
474 237 13 23986
476 238 8 15050
478 239 9 13611
480 240 11 20828
482 241 12 21714
484 242 7 13590
486 243 7 9710
488 244 6 11630
490 245 7 13634
492 246 11 21719
494 247 12 15022
496 248 10 16467
498 249 12 16797
500 250 10 18280
502 251 10 19628
504 252 9 14228
506 253 13 12279