222 315 375 241 217 112 219 142 135 211 112 139 122 142 226 203 119 131 132 93 128 164 97 169 201 311 88 144 173 152 157 145 173 121 134 188 145 198 112 147 261 155 80 101 179 58 134 69 151 134 187 75 111 85 166 63 162 164 131 151 167 154 45 109 109 111 114 135 
238 343 392 307 223 528 150 359 208 255 146 163 153 183 284 111 164 146 111 158 141 149 144 180 211 322 178 161 195 151 162 148 172 81 184 189 153 192 118 164 270 215 82 197 180 112 138 76 160 147 171 79 129 91 148 88 111 166 145 145 204 140 71 98 128 126 100 155 
246 355 423 275 200 442 188 260 127 190 162 156 305 186 291 145 276 145 193 176 122 217 225 161 221 334 94 179 193 156 168 146 192 192 158 189 147 223 135 225 277 245 84 123 187 90 144 81 163 93 204 78 113 96 155 88 114 170 156 152 227 183 69 116 115 102 138 170 
262 367 445 285 221 511 193 491 134 131 118 149 304 184 299 139 129 151 79 183 145 153 160 164 229 357 135 192 203 164 161 185 199 90 180 190 154 234 138 219 294 208 129 257 196 57 153 88 174 99 181 92 134 107 167 110 131 200 160 161 212 203 93 113 122 90 72 210 
270 395 457 344 255 122 147 132 309 146 107 178 312 242 296 150 248 169 225 135 172 151 240 183 279 361 126 176 217 185 268 86 191 151 165 199 162 246 147 201 338 292 145 149 195 137 168 94 172 104 280 93 136 110 169 142 119 187 164 165 281 211 157 124 178 93 63 231 
286 407 500 365 498 202 329 263 333 214 171 181 154 174 341 201 173 163 173 142 200 158 152 154 275 364 111 246 225 244 179 178 213 105 129 202 165 255 162 210 350 290 95 250 214 76 166 107 184 95 197 111 140 121 177 122 128 201 178 167 255 196 149 130 182 108 81 238 
294 419 516 537 601 111 167 229 229 215 220 257 283 224 444 150 248 248 134 224 214 241 165 348 266 370 134 185 231 220 193 212 272 107 171 209 165 252 201 231 399 275 202 290 219 107 174 84 186 99 208 142 144 119 189 69 132 217 184 167 279 217 154 129 262 110 80 211 
310 447 532 371 242 196 241 263 409 225 216 182 386 272 351 129 316 199 226 128 172 290 240 187 259 373 242 270 246 236 193 138 276 177 250 242 180 276 213 256 491 298 212 329 239 123 182 81 200 95 215 151 143 132 186 176 138 220 185 177 283 214 114 146 210 110 98 318 
318 459 549 417 311 299 212 463 265 295 237 270 323 219 359 313 281 253 246 296 173 246 196 210 323 390 189 223 238 215 210 128 278 135 257 213 230 276 250 255 442 284 183 254 217 256 177 82 187 147 218 145 143 159 203 70 155 228 193 194 372 236 117 141 205 113 119 370 
334 471 573 455 497 601 185 374 279 400 410 241 153 335 361 156 268 176 191 237 193 242 358 252 325 398 118 211 246 212 249 258 234 163 126 214 169 312 283 260 458 266 112 245 237 142 216 197 194 239 235 242 166 133 213 107 157 234 200 193 326 247 160 146 198 123 134 287 
342 499 616 616 320 258 315 210 163 315 196 260 213 192 377 396 189 337 354 288 257 219 312 313 299 400 273 222 257 323 215 205 245 207 176 254 172 298 213 265 500 302 216 341 260 136 192 300 201 106 250 209 198 155 221 184 171 238 198 217 418 263 73 153 220 123 82 333 
358 511 633 439 354 195 369 682 189 171 200 238 304 426 389 197 287 200 361 225 237 178 223 253 297 409 133 299 267 234 344 159 265 253 467 218 261 342 187 267 494 294 121 458 253 136 185 139 219 158 265 124 189 161 226 236 162 257 203 202 404 261 181 154 248 140 208 317 
366 523 654 379 413 146 248 310 256 357 233 331 541 272 502 237 265 201 202 232 340 193 211 267 340 423 243 234 264 233 228 161 272 123 173 221 177 280 227 283 530 285 247 378 284 177 181 268 271 142 298 162 188 260 240 143 155 247 232 202 426 255 160 195 231 183 98 308 
382 551 648 498 354 262 352 540 362 421 430 318 553 197 440 490 223 396 308 344 251 276 200 379 339 429 190 249 263 249 226 153 347 295 168 275 177 280 216 293 535 311 386 423 289 154 185 247 222 190 264 113 196 170 258 128 158 253 220 209 361 260 181 182 278 134 160 352 
390 563 149 533 752 172 488 306 256 188 472 420 226 180 431 249 305 289 208 311 195 265 491 292 307 446 217 234 306 283 235 257 285 167 334 243 238 295 369 307 509 381 133 464 307 306 373 139 274 144 269 214 198 271 248 316 176 264 308 270 417 275 109 178 277 146 262 365 
406 575 701 526 578 139 497 372 267 191 413 465 305 252 539 296 234 361 225 218 239 232 318 228 302 464 187 231 478 687 246 339 408 194 210 240 182 308 232 311 553 327 262 339 311 194 299 276 260 252 273 117 285 182 259 81 231 281 297 305 377 307 139 210 254 177 185 338 
414 603 160 575 443 353 471 917 1040 405 232 317 324 308 439 418 374 323 255 448 345 228 234 298 356 463 328 270 284 304 258 111 308 384 169 389 262 335 219 329 594 332 263 331 321 291 379 200 223 174 271 277 216 240 295 174 177 286 231 350 405 276 403 207 293 281 131 347 
430 615 165 567 412 356 1061 301 174 269 261 454 266 253 549 343 350 342 278 264 198 356 336 452 320 476 538 309 288 400 262 248 308 233 321 240 257 