610 408.6 306.6 246.2 205.2 176.2 155.2 138.8 125.2 113.8 104.8 96.2 90.8 84.8 79.6 75.4 71.2 68.6 65.6 61.4 58.4 56.8 55.2 52.2 50.8 49.2 48.8 47.2 44.2 43 42.4 41.2 39.8 40.4 38.4 36.8 37.4 35.4 34.8 33.4 32.8 32.2 32.4 32.6 30.4 30 29.6 29.8 29.8 29 27.6 27.6 27 26.2 27.4 28 26.6 25.4 24.6 24.8 25.8 23.6 24.4 23.8 24.2 24.6 23.6 23.8 
669.8 448.4 336.6 270.2 224.8 193.6 170 151.6 137 125 114.8 106.2 97.8 92.6 87 81.8 77.4 74.4 70.4 66.2 64.6 61.8 60.2 57.4 55.8 53.4 52 50 48.4 47 45.6 44.2 43.4 42 42.4 41.6 41.4 38.4 38.8 36.4 36 36 35.8 34.6 33.8 32.6 32.4 33.2 32.2 30.6 29.8 30.6 29.6 28.4 29.6 29.2 27.2 27.6 26.4 26.6 26.8 25.6 27.2 25 26 24.4 24.4 25.4 
732.4 490.2 367.8 295 246.4 211.8 184.8 165.8 149.4 136.6 125.2 115.2 107.6 101.2 94.8 89.8 85 81.6 76.6 74.2 70.4 67 64.6 62 60 58.4 55.6 54.4 52.6 50.8 49.8 48 47.2 45.8 44.8 43.2 45 41.6 41 40.6 39 39.4 39 37.6 36.2 35.4 34.6 34.2 34.4 33 32.4 32.8 31 30.8 32.6 30.8 29.4 29 29 29.6 29.6 27.8 28.4 27.4 26.4 27.6 28.2 27.2 
797.8 533.8 400 321 268.2 229.6 201.2 179.8 162 148.2 136 124.6 117.2 109.8 103 97 92.2 88.6 83.4 78.2 77.2 73.2 72 67.8 65.2 63.2 60.4 58.6 56 54.8 54 52.4 50.8 49.4 48.2 47.8 47 45.2 46 42.8 42.2 42.6 41.8 40.6 39.4 38 39 38.2 37 38 35.6 36 34.2 34.4 35 34.4 32.4 31.4 30.6 32.2 30.2 29.6 31 29.4 28.6 28 29.2 28.4 
866 579.2 434.2 348.6 290.8 249.8 219.2 195.2 176 160.6 147.6 136.2 127 119 111.8 105.4 99.8 95.4 91.2 85.6 82.8 78.8 75.6 73.2 70.2 68.4 65.8 63.4 61.6 60.8 59 57 54.8 54 53.4 52.8 49.8 48.6 48.6 48.6 45.4 46 45 43.4 42 41 42 39.6 39.2 38.8 37.4 37.4 36.4 36 37.4 35.2 35.2 35.8 33.6 34.4 34 32 34.6 32.2 30.8 31.2 30 30.2 
937 626.6 470.2 376.8 313.8 270.2 237 211 190.2 173.4 159.2 147.2 137.2 128.6 120.6 113.8 108.4 102.4 97.6 92.6 88.6 84.8 82.6 78.6 75.6 73.6 71.6 68 65.8 64.4 63.6 61.2 59.4 58 57 55.8 53.4 52.2 51 49.4 48.8 48.6 46.4 46.4 45 43.8 45.2 42.2 42 41.6 41.2 40.4 39.2 40 40.4 37 37 36.2 37.6 36.6 35 35.4 36 34 33.2 32.8 32 31.6 
1010.8 675.8 507.2 406.4 338.8 290.6 255.4 227.4 205 187 171.6 158.6 147.8 138.8 129.6 123.2 116 109.4 105.2 99.6 96.8 91.6 87.8 84.4 82.2 79 76.4 73.6 72.2 69.4 68.4 65.6 63.2 64.2 60.4 59.6 56.8 55.6 54.6 54.6 52.4 52.2 50.8 50.2 48.4 47 48.4 47.6 45.2 43.6 44.2 44 43 42.2 43.4 40.6 41.4 38.6 39.8 39.2 37 37.2 37 35.4 36 34.2 34.8 36.4 
1087.4 726.8 545.4 437 364.8 312.2 273.8 244.8 220.6 201 184.2 170.4 158 149 139.4 132.4 124 117.8 112.4 106.8 104.2 98.4 94.8 90.4 87.4 84.6 81.4 79.2 76.6 74 72.4 69.8 67.8 66.4 65.4 63 61.2 59.8 58.6 58.4 56 55.4 53.6 52.4 52 50.6 51.2 51.4 47.8 46.4 47.8 45.6 45.8 45 45.2 44 43.2 44.6 40.6 41.2 40 39 39.2 38.8 37.4 40.4 37.2 37.8 
1166.8 779.8 585 468.8 391.2 335.8 293.4 262.6 236.8 215.6 197.6 182.6 170 159.6 149.4 141.8 133.2 126.4 121.4 113.8 111.2 106.6 102.2 97 93.6 90.2 88.2 83.6 82.4 79 79.2 74.8 72.2 71.4 70.2 67.4 66.2 63.6 62.6 60.6 60.4 59.4 57 56.2 54.8 54 52.6 53.2 50.8 51.6 50.2 48.2 48.8 50.4 47.4 44.8 45.8 46.6 46.2 43.4 42.2 43.2 40.8 41 42.4 39.6 41 40 
1249 834.6 626.4 501.6 417.8 358.4 315 280.2 252.8 230.4 211.2 195.2 181.6 170.2 159.8 150.6 143.4 135 130.2 122.8 119.2 113 109.4 103.4 99.8 96.2 93.4 89.8 88 84.2 84 79.8 77.8 76.6 74.4 71.8 69.4 69.2 67.6 64.4 65.4 63 60.6 61 58 58.6 56.4 56 54.8 54.4 54.4 51.8 51.6 49.4 50.8 50.2 48.6 48 48.8 45.6 46.4 45.8 43.6 44.2 45.2 43.4 44.8 42.2 
1334 891.2 668.2 536 446.8 382.8 336.2 299.2 269.4 246 225.4 207.2 193.8 181 170.4 159.8 151 144.8 137.2 130.2 125 120 115 110.8 106.6 102.6 99.4 96.8 92.8 89.6 87.6 84.4 82.6 80.6 78.6 75.8 77.4 73 71.6 69.2 68.4 67.2 64.8 64.6 62 61.2 59.4 58.4 58.4 56.6 57 55.8 54.4 53.6 53.6 53.2 53.2 49.2 49.2 50 47.8 47.4 46 47.2 47.6 47.6 44.2 44.6 
1421.8 949.8 712.2 570.8 476.4 408.6 358 319.2 287.6 261.8 239 220.6 206.4 193.2 181.4 171 161.4 154.4 147.4 138.4 132.6 129.8 122.2 117.2 113 109.2 105.2 101.8 99.6 95.4 94 90.8 88.6 86.2 83.4 80.6 80 76.8 78 75.2 72.6 71 69.8 68.6 67.4 68.4 63.6 66.2 63.4 60 60.4 58.6 56.8 56.2 56.2 54.6 53.6 53.6 51.6 51.2 50.2 49.6 49.2 48.8 49 49.2 49.8 45.8 
1512.4 1010.2 757.8 607.2 506.4 433.8 379.8 339.4 305.2 278 255.2 235.8 219 205.4 192.6 182.4 171.6 162.6 154.8 148.2 140.8 135 131.4 124.8 120 116.2 112 108.4 104.4 101.6 100.6 99.4 93.6 89.6 89.6 85.2 83.6 84 80 81.2 77.4 75.2 74.6 71.8 70.6 70.2 66.6 65.4 64.4 63.6 62.6 63.4 59.8 60 58.8 58 56.8 59.2 55.6 54.2 54.8 52.4 52.2 52.6 53.4 51.8 50.2 51.4 
1605.8 1072.4 804.2 644.6 537.4 461.4 404.2 360 324.2 295.4 270.8 250.2 232.6 217.6 204.4 193 182.4 172.6 165 157.6 149.8 142.6 136.6 132.2 127.4 123 120 117.2 113 107.6 103.8 103 97.8 96 93 91.4 88.6 86.2 84.2 84.2 81.4 80 77.2 77.4 76.8 75 71.2 71.4 69.2 67.2 66.6 66.6 63.8 67.2 62.2 61.4 60.2 59.6 58.6 57.6 59 55.8 54.6 55 56 52 51.8 51.6 
1702 1136.6 852 682.8 569.4 488.8 428 381.6 343.4 313 286.6 264.6 245.4 231 216.4 204.2 193.8 183.6 173.4 165.8 159.4 152.4 146.6 139.8 135.2 129.8 125.8 122.4 117.4 114.2 110.2 107.6 103.8 103.2 98.2 95.8 93.2 91.6 92.6 86.8 85.4 84 81.8 82.2 81.8 77.8 77.2 74.4 74.8 74.2 70.2 69.8 67.2 67 69 68.2 63.2 62.8 61.2 60.4 61 58.4 58 57.2 58.2 55 56 56.4 
1801 1202.6 901.8 722.4 602.6 516.2 453 403.6 363.4 330.8 303.4 280.2 260.4 243.8 228.6 216.2 203.8 193.2 184.6 177 167.4 160.4 153.6 148 143.2 137.8 133 128 125.4 120.4 118.2 114 110 107.4 104.2 102.8 102.2 96.4 94.8 91.8 90.2 89 88.6 85.6 83 82.4 79.8 81.8 77.8 78.8 76 72.6 71.6 71.6 71.4 67.4 67 67.4 64.4 64.4 63 61.8 63.2 60 60.6 59.8 57.8 58.4 
1902.8 1270.4 952.4 763.2 636.6 546 478 425.6 383.6 349.4 319.6 295.8 275.2 257.6 241.2 227.6 215.8 203.6 194 184.6 179 170.2 162.6 156 150.2 145.4 139.8 137.2 130.6 127 124 120.4 116.6 113.6 111.2 108.4 105.6 102.4 99.8 97.2 95 93.4 90.2 89.8 89.8 86 87.2 82.2 80.6 80.8 80.2 77.4 79.2 74.6 76.4 71 70.4 71.4 69.6 67.2 65.4 64.8 65.2 64.6 63.6 62.2 60.6 61.2 
2007.4 1340.2 1004.8 805.2 671.4 576.2 504.6 449.4 404.8 368.6 338 312 290 271.2 254.6 240 227.4 215 204 196.4 187.4 178.8 171.4 164 158.4 153.8 147 143.8 137.6 133.2 130 125.8 121.8 122.4 115.8 112.6 